998 5000
330 639 23
112 885 98
192 674 48
421 68 80
287 745 20
238 885 13
231 793 80
371 549 98
48 365 7
226 939 1
678 749 49
436 729 85
504 261 51
408 244 30
387 861 86
564 670 92
929 414 3
362 795 66
277 458 1
630 950 21
935 92 73
128 572 99
786 476 24
605 256 84
364 362 55
869 47 68
59 319 34
625 914 74
391 802 22
765 235 49
892 940 33
322 361 67
77 447 38
524 162 19
876 288 17
829 350 68
19 462 5
441 2 6
352 587 8
331 695 72
728 993 29
170 783 84
870 304 6
90 214 97
396 2 63
689 748 7
807 940 26
293 177 3
77 671 94
585 664 22
34 398 4
846 936 9
263 379 85
335 630 85
801 632 75
729 619 37
496 624 40
764 316 82
114 458 82
157 926 59
915 469 25
46 464 21
134 725 44
863 800 18
671 858 55
540 983 75
908 167 45
621 989 78
401 667 46
369 856 95
446 639 13
8 25 59
47 550 29
753 482 95
222 189 56
732 919 69
242 380 80
577 492 100
791 332 45
171 549 80
232 728 29
543 44 62
630 730 48
981 620 93
58 988 38
24 954 93
758 624 91
661 911 39
968 448 65
355 589 67
677 47 46
224 673 66
106 758 34
362 515 43
587 436 4
992 225 78
443 304 95
925 845 26
394 781 50
452 281 93
239 807 35
784 408 28
150 224 66
146 978 22
368 953 44
243 613 62
53 916 79
766 394 72
643 792 96
28 204 8
804 829 61
65 760 14
754 541 81
741 507 52
279 363 18
792 725 87
828 904 88
234 223 85
827 668 61
333 13 55
219 749 45
901 970 28
656 371 33
402 986 34
732 217 48
994 878 61
808 521 40
414 810 65
784 47 94
864 677 85
252 636 62
458 157 64
444 898 18
129 786 72
647 270 39
367 884 25
168 974 50
166 161 22
236 754 77
587 161 51
50 240 40
380 146 39
122 751 55
162 983 97
783 676 86
607 942 94
851 597 31
147 56 72
564 52 80
603 855 70
602 245 60
740 951 54
382 433 12
741 83 19
910 174 26
897 938 49
81 834 80
361 928 36
643 754 4
732 827 86
210 131 2
89 877 100
911 292 11
815 937 51
27 654 88
838 31 67
141 190 88
460 326 96
646 623 66
46 852 89
649 728 90
155 373 73
493 282 68
548 418 83
694 249 18
232 816 55
122 117 64
626 99 25
161 658 45
119 567 47
759 548 45
201 65 48
485 561 91
50 372 34
134 651 28
822 831 86
938 876 71
421 115 34
300 400 74
434 477 35
385 53 64
312 915 26
564 450 43
810 684 66
703 872 84
57 284 48
983 977 55
110 970 40
643 473 1
552 876 42
369 71 68
913 719 54
20 229 42
793 498 19
902 304 21
370 939 83
254 969 62
112 566 38
843 349 54
517 751 41
221 908 14
840 165 77
476 354 40
431 734 100
492 271 1
938 244 83
866 592 63
632 467 60
107 490 24
748 752 75
219 552 77
436 841 29
675 37 68
975 256 69
394 945 14
187 93 68
866 766 11
133 514 98
640 399 61
825 244 21
754 273 26
253 489 12
805 508 44
467 585 55
144 965 19
119 641 9
937 347 22
254 334 30
880 165 40
298 840 52
777 385 27
199 683 95
710 700 92
115 228 65
105 109 32
382 589 18
523 368 58
234 193 35
43 649 26
753 413 35
169 38 54
998 971 24
978 106 56
343 971 67
163 287 24
903 145 82
110 639 10
243 88 78
137 207 75
307 91 60
372 888 18
985 308 33
358 461 62
402 386 62
568 330 77
796 378 90
323 722 23
779 932 71
395 496 63
51 812 14
720 346 62
248 624 52
657 329 39
868 483 83
987 419 100
50 830 51
769 829 32
884 195 94
217 737 44
927 936 54
119 919 63
856 250 40
146 29 15
706 466 15
896 872 74
248 824 62
853 75 74
774 328 72
556 856 44
722 693 70
81 131 47
361 965 88
581 25 13
31 949 22
424 519 80
396 917 76
873 303 87
729 86 63
698 806 25
940 550 74
800 548 11
608 389 86
931 36 54
134 511 34
271 418 83
496 140 53
381 708 49
890 122 64
369 994 59
902 773 65
38 603 51
372 52 71
454 373 7
613 576 99
817 11 49
545 216 18
649 341 45
929 773 52
342 87 32
498 11 60
515 710 99
913 307 24
686 442 1
267 707 69
759 750 35
988 809 97
64 739 38
516 618 88
558 965 59
559 80 28
898 975 17
341 326 57
178 527 5
405 205 22
48 216 79
38 570 50
901 362 19
6 953 80
225 86 63
347 772 23
953 428 8
10 800 35
387 697 98
383 733 96
303 99 93
482 684 10
79 18 5
798 546 39
49 533 12
607 574 63
246 651 73
883 524 87
296 510 7
252 729 96
575 326 22
301 871 71
240 538 41
803 268 76
319 484 6
94 539 89
741 226 86
548 588 28
75 109 31
424 962 48
174 634 83
199 627 92
604 635 19
850 122 51
385 226 17
487 36 56
496 472 98
789 728 30
313 86 85
416 80 45
565 523 17
351 595 70
388 489 99
970 302 78
948 458 9
12 603 26
956 919 29
691 356 78
25 889 49
113 801 63
246 424 8
312 519 3
364 314 50
665 699 21
508 369 41
363 71 49
946 27 91
766 449 46
400 500 46
822 921 8
398 890 85
232 983 54
621 70 8
260 806 66
875 829 52
950 690 59
445 286 55
614 570 46
79 3 81
858 356 40
360 576 56
744 585 45
59 110 81
465 9 1
531 521 76
57 202 72
802 221 59
584 477 30
865 202 8
380 933 31
575 585 61
316 464 22
916 479 6
401 856 68
839 497 19
528 784 25
631 411 93
254 391 38
683 497 15
5 55 69
439 467 95
57 355 99
372 112 79
406 945 70
545 771 44
754 370 15
807 180 78
989 712 13
102 283 65
308 283 53
558 390 78
957 862 52
814 837 21
509 895 66
779 544 59
922 239 91
822 298 22
923 929 3
986 761 7
83 324 19
80 60 35
547 738 90
595 312 17
250 943 47
388 821 95
51 954 15
408 725 14
103 924 82
738 505 52
137 365 98
930 922 37
432 271 27
709 557 87
467 929 27
486 129 53
958 404 30
460 891 40
639 688 29
268 512 7
582 990 31
215 428 49
674 208 97
352 899 98
368 282 69
177 268 79
76 243 80
226 518 69
222 158 92
975 193 63
299 839 86
46 223 41
981 728 52
437 75 86
670 623 16
150 302 13
700 642 36
267 792 74
122 82 77
590 286 10
223 21 61
994 683 53
281 47 54
526 78 10
823 966 23
841 609 36
225 223 26
467 725 80
136 352 56
339 641 53
311 352 20
481 336 8
495 843 68
172 97 32
895 828 76
668 788 7
114 127 37
963 856 29
887 252 28
812 525 9
498 998 16
410 819 69
200 531 35
325 208 43
373 522 34
126 595 16
571 144 29
933 663 88
653 484 34
288 619 63
53 414 93
460 768 82
590 113 50
342 499 45
25 923 83
709 251 41
383 252 40
269 470 56
687 879 22
756 196 79
298 241 49
565 497 59
947 631 38
529 210 8
437 187 96
645 785 55
959 95 8
381 88 87
704 878 4
942 526 74
533 335 55
541 607 61
512 662 52
387 319 69
191 260 55
779 844 36
924 474 3
871 675 47
372 870 77
975 37 59
900 877 62
290 885 58
920 756 34
36 225 37
354 561 57
682 69 54
636 623 91
311 189 44
905 879 90
614 258 59
873 456 72
627 749 81
464 437 75
968 722 23
204 611 64
281 568 39
903 803 89
565 23 92
952 847 73
124 37 86
712 299 22
534 873 52
607 788 22
570 605 88
976 806 99
761 550 40
660 117 33
377 437 68
97 909 59
904 855 71
91 193 79
507 364 78
170 77 25
881 50 30
45 689 40
430 915 39
954 561 5
365 642 45
591 20 67
56 172 27
784 108 79
8 681 64
639 570 57
77 118 40
789 62 74
144 28 8
107 955 14
131 339 52
885 620 27
919 266 26
436 440 28
131 748 80
175 454 72
937 596 56
662 677 44
635 60 17
805 641 49
650 721 4
62 706 6
418 128 61
700 258 64
895 910 22
207 627 90
591 719 38
896 845 32
719 955 66
412 698 67
861 265 39
450 885 34
565 209 64
995 946 60
741 731 83
424 550 81
756 445 95
458 473 75
133 229 49
941 808 15
251 547 5
287 552 60
829 233 56
849 363 26
110 517 79
313 492 51
942 341 71
49 499 30
25 447 62
698 948 84
347 206 71
53 108 74
264 798 53
511 126 67
257 670 85
254 133 53
763 88 86
568 488 95
19 20 24
605 754 84
835 763 76
872 871 85
408 607 91
184 694 64
262 974 34
952 722 33
118 755 36
486 935 95
432 211 23
12 569 47
711 836 14
214 89 62
572 95 51
640 484 94
906 307 65
556 253 1
740 177 12
228 345 1
621 261 66
325 559 27
426 713 2
477 75 30
975 60 1
958 588 39
473 841 32
745 227 38
219 287 61
194 787 79
398 602 30
16 926 41
958 228 51
149 853 79
522 88 45
123 500 78
812 645 22
202 215 52
56 303 32
139 59 58
379 876 89
930 449 6
481 661 19
555 184 4
119 41 87
132 961 76
401 851 80
166 550 86
347 428 65
399 755 59
846 414 3
154 752 32
828 605 17
123 630 67
87 262 79
938 394 90
619 570 70
200 318 21
265 21 70
631 961 63
34 699 90
577 301 29
38 591 68
462 920 54
568 159 62
623 922 19
367 129 48
670 508 32
306 922 67
428 256 62
206 982 28
726 803 81
125 670 62
142 251 40
61 636 17
800 312 8
258 355 25
358 138 78
657 793 57
541 917 73
28 905 72
740 528 6
263 839 35
671 215 62
875 803 41
609 342 2
460 486 85
830 7 12
67 701 90
60 881 3
237 352 36
114 411 3
772 264 53
854 164 38
482 597 50
617 733 93
898 479 39
34 528 41
161 46 11
968 369 26
443 240 11
189 813 77
634 610 51
722 881 19
724 304 21
69 549 43
25 501 52
496 321 40
81 135 64
432 663 51
265 805 68
567 552 63
918 32 57
348 389 23
674 119 14
905 863 85
379 835 71
722 749 14
309 138 84
135 187 57
99 288 88
353 899 63
851 801 45
79 470 14
433 981 39
367 102 77
269 852 77
809 507 12
245 985 45
204 174 73
557 601 74
297 349 60
340 943 100
472 477 4
776 21 8
860 508 78
432 532 71
328 520 72
345 261 38
463 408 12
477 458 73
524 974 60
677 41 100
365 703 51
231 848 57
687 411 34
825 827 34
219 283 32
227 521 49
283 51 67
973 48 68
389 837 87
709 595 5
790 224 10
15 78 28
509 179 100
100 556 12
644 644 91
630 99 34
751 832 86
5 251 87
257 301 77
281 408 3
802 272 58
494 497 59
191 306 11
936 233 86
520 600 98
612 760 68
70 58 4
800 169 54
749 74 3
566 85 82
404 767 43
177 379 31
456 639 91
208 885 75
13 673 40
866 753 9
8 590 58
133 670 24
458 585 57
981 450 94
926 858 57
438 289 47
103 137 93
287 237 22
106 901 92
61 23 38
170 994 28
467 33 52
130 736 42
927 507 2
456 477 42
941 622 95
346 847 52
810 723 31
598 186 66
82 887 60
89 349 84
705 304 34
872 644 15
757 634 3
123 310 2
72 789 8
337 162 50
616 235 47
419 837 28
959 940 59
675 919 31
89 891 38
209 932 75
514 307 62
690 821 93
170 408 52
756 574 47
358 853 74
142 401 58
392 401 49
510 720 88
749 714 58
885 669 20
963 603 82
560 75 59
390 68 77
136 405 69
39 980 98
345 47 34
75 2 42
329 589 61
743 962 71
869 252 45
806 403 25
627 894 32
45 337 82
341 882 61
485 388 63
458 422 17
793 879 61
122 579 75
910 845 65
65 626 63
418 298 91
772 584 57
425 604 9
112 514 49
48 932 17
219 997 82
745 897 6
891 888 23
884 980 94
454 752 55
651 715 87
954 661 74
124 313 72
896 275 25
874 342 59
522 255 39
449 943 25
446 393 17
585 235 15
229 538 77
834 605 51
412 819 72
613 447 68
892 851 58
273 130 75
651 624 100
550 345 6
222 613 5
96 994 76
576 247 23
381 490 79
111 56 44
803 462 7
243 327 93
746 250 19
306 599 27
929 585 81
568 680 88
322 460 30
66 909 44
615 756 16
623 784 24
231 479 36
744 124 85
544 351 10
19 316 62
158 120 61
128 650 72
18 273 10
924 109 42
622 633 95
792 189 21
444 170 35
373 606 24
379 682 8
719 744 64
898 906 77
23 896 36
237 980 54
837 294 99
739 576 61
188 108 42
283 507 67
417 995 9
771 77 99
933 711 43
924 975 35
889 346 45
264 999 7
989 891 14
173 689 88
405 71 30
913 205 15
61 469 3
293 97 16
498 550 99
329 204 1
26 472 54
187 445 74
855 759 51
587 85 45
485 523 27
640 232 94
709 145 69
679 259 12
794 256 20
776 473 12
132 844 57
962 772 95
581 716 27
171 816 38
978 111 78
517 264 65
748 84 97
482 616 44
547 773 36
280 805 1
639 956 88
657 583 27
939 89 57
607 503 67
207 840 7
460 358 45
35 902 85
514 205 15
347 679 17
562 222 79
585 197 20
374 801 48
614 79 79
774 592 79
681 120 25
155 562 75
945 829 2
790 413 63
780 523 4
566 272 5
791 845 17
902 748 73
748 216 17
163 717 66
200 676 38
22 544 88
432 404 70
925 376 43
979 90 7
638 906 38
468 747 51
514 991 81
520 182 85
390 303 45
229 626 72
840 579 24
625 91 41
78 141 75
759 150 75
874 943 93
358 542 35
880 508 49
387 16 93
276 353 99
938 831 43
540 139 86
181 250 44
664 154 31
965 555 62
217 816 40
759 616 23
559 672 74
233 98 54
127 669 5
377 928 95
400 70 57
288 615 1
149 721 40
97 346 60
179 810 97
769 536 48
285 860 59
190 312 16
727 745 24
439 800 90
249 743 75
286 844 10
724 638 43
14 643 48
415 17 50
411 728 21
211 849 71
895 957 7
1000 64 96
401 612 38
712 665 49
430 226 100
183 88 27
147 291 49
927 738 35
57 400 10
55 624 52
79 45 18
191 39 35
279 41 94
670 153 16
664 735 30
885 421 28
472 168 83
214 27 83
484 719 39
366 255 42
347 906 1
555 403 84
598 971 46
319 731 91
83 347 39
609 769 69
550 88 52
196 112 64
256 770 97
261 315 57
584 470 63
397 10 64
20 919 97
309 697 57
787 791 80
575 894 70
835 307 36
579 951 86
814 152 52
715 309 91
294 494 20
786 339 29
963 186 93
458 765 27
472 394 19
836 738 52
324 724 66
784 979 25
359 586 44
454 65 80
906 646 4
841 301 25
725 402 67
690 630 85
149 636 45
200 930 10
59 931 37
266 421 23
504 374 71
136 200 58
543 881 88
807 476 43
892 911 41
406 761 69
621 877 38
248 194 41
653 269 24
346 916 33
404 10 8
448 232 36
347 33 88
84 926 41
608 407 46
84 548 56
905 952 20
477 403 11
603 463 52
729 786 70
8 593 15
508 854 96
123 915 5
425 447 89
220 369 80
906 237 51
834 42 29
681 590 59
834 909 15
816 215 99
369 158 34
523 844 53
127 981 87
122 889 68
77 709 28
402 691 4
343 589 43
314 557 81
946 230 13
29 906 56
446 1000 41
603 50 57
306 419 77
746 571 36
286 391 36
532 883 19
425 46 60
27 443 11
147 407 91
86 21 80
83 252 93
736 765 57
333 223 59
147 963 13
972 363 39
531 104 87
287 816 2
526 497 54
33 589 15
212 944 53
418 97 2
313 83 96
700 281 100
4 205 75
481 465 26
870 509 67
232 419 66
865 542 91
110 900 68
59 513 47
604 757 24
202 885 60
438 547 83
336 316 47
103 858 18
942 141 16
165 905 30
263 277 86
669 144 80
355 389 42
293 683 100
709 417 57
682 487 17
470 437 60
972 337 15
56 342 34
198 538 3
421 67 41
916 417 60
131 553 7
186 290 51
931 316 10
615 257 13
661 482 50
196 332 3
393 324 37
953 543 99
721 119 36
569 582 47
918 434 21
593 806 17
978 523 75
932 768 60
198 222 24
403 978 34
525 687 3
435 70 44
333 791 93
375 736 88
622 555 85
523 962 75
514 466 50
334 485 26
555 651 35
723 365 89
775 287 81
372 382 68
488 879 37
430 615 94
62 708 92
640 184 98
463 317 36
26 346 82
329 303 14
402 797 49
678 727 8
331 747 5
145 919 71
768 303 13
344 651 33
976 908 60
171 516 26
173 927 88
684 193 96
327 122 56
311 187 38
708 582 78
620 607 18
213 383 15
377 355 56
778 877 28
278 83 63
514 257 59
840 241 75
394 18 67
668 786 100
706 644 13
862 515 54
504 431 64
269 10 100
251 629 82
747 415 72
175 25 39
113 377 4
879 908 74
552 947 5
377 367 21
220 354 68
929 65 16
516 244 58
967 587 25
957 774 5
383 535 6
45 75 40
666 378 55
279 432 54
41 330 69
875 507 78
213 877 63
884 227 97
467 734 90
16 815 67
340 511 98
907 551 52
341 871 73
220 31 6
464 936 21
194 458 14
276 664 31
247 565 44
286 262 82
782 469 6
999 288 20
392 802 37
302 123 97
302 232 83
87 428 64
841 792 49
144 54 55
837 559 62
664 901 12
762 99 59
389 611 8
454 73 49
475 14 61
643 938 100
91 620 20
375 664 86
471 426 9
973 694 79
163 857 94
85 385 67
430 263 23
422 367 97
130 287 88
739 697 56
674 171 43
608 82 7
73 951 57
807 243 53
329 807 97
863 544 79
545 172 72
429 807 72
431 972 92
532 28 32
744 889 26
359 426 42
877 444 71
705 614 11
267 762 97
651 993 94
458 187 83
459 81 59
664 312 75
897 995 50
941 27 64
409 98 42
294 270 33
578 691 97
708 52 5
890 106 94
142 784 96
638 818 72
543 508 58
673 665 83
507 11 7
855 895 25
751 646 58
201 85 32
96 513 78
376 942 8
669 732 35
131 434 25
746 764 55
602 318 11
896 729 44
132 944 45
552 647 74
285 393 37
420 11 49
445 185 98
207 551 51
144 733 3
756 598 95
486 398 19
917 252 85
950 667 86
115 816 52
495 304 38
82 236 46
516 332 47
118 756 46
360 247 93
951 630 5
75 958 83
811 50 1
876 256 45
151 774 52
67 470 78
14 230 33
974 667 46
276 249 43
93 745 54
501 658 98
679 523 16
42 957 11
88 338 100
367 387 65
849 933 77
336 614 53
425 175 44
480 349 74
115 521 19
611 782 61
174 809 43
380 595 23
189 332 44
849 545 58
729 492 8
591 807 36
830 94 54
767 781 28
646 297 51
597 568 53
448 745 52
882 636 31
317 928 65
484 78 51
95 94 72
663 320 38
516 422 48
303 494 13
168 342 48
75 774 100
293 159 96
467 731 69
500 728 40
28 119 14
414 519 24
79 94 8
210 686 95
952 340 45
651 682 1
124 466 56
147 554 67
360 722 67
346 377 62
342 270 70
662 803 73
660 855 6
100 238 39
485 850 58
767 468 2
740 864 67
111 322 56
660 249 93
150 519 41
292 719 86
535 88 51
104 107 19
544 822 87
741 706 92
246 488 56
163 177 58
150 385 75
541 706 19
671 879 37
226 417 19
721 410 9
478 378 51
217 666 9
954 66 83
94 175 59
866 401 76
797 473 24
859 466 100
292 985 91
144 874 3
182 957 91
616 648 74
397 963 11
628 631 85
252 520 64
284 359 55
76 110 52
765 180 37
198 327 95
703 197 72
53 254 20
858 849 9
87 508 8
769 248 71
686 672 30
631 347 38
33 635 89
758 894 39
306 553 38
631 719 69
104 889 7
681 154 37
924 335 22
344 103 32
779 960 89
808 721 47
769 932 18
123 79 54
184 406 6
161 850 86
613 947 40
373 349 25
88 606 46
102 163 23
57 263 43
857 231 22
574 158 6
985 639 6
873 410 12
517 867 22
495 429 45
126 256 52
166 233 9
735 1 15
634 288 58
607 968 59
26 665 58
984 849 80
740 878 47
878 766 16
99 322 84
239 823 64
942 601 24
213 659 85
135 199 2
292 201 91
853 903 49
296 749 65
413 232 11
530 311 12
292 839 34
896 543 42
513 663 44
173 264 92
97 740 25
291 87 80
738 435 51
156 779 69
749 422 7
634 488 25
405 256 57
289 855 86
311 648 40
558 635 43
841 269 71
418 234 18
835 760 55
531 495 84
414 286 99
472 515 23
869 539 90
87 277 35
798 505 78
182 443 95
490 398 46
905 131 44
465 500 92
154 517 17
587 966 18
952 657 1
905 902 77
450 841 35
808 559 36
526 889 54
211 722 60
385 107 70
795 949 47
667 291 89
164 488 1
583 892 50
364 86 16
596 9 1
123 940 38
244 58 25
877 394 49
509 926 67
52 111 82
631 586 63
821 804 71
297 158 41
192 581 86
127 918 34
979 163 44
624 386 9
73 315 16
999 899 75
514 393 18
637 70 2
381 764 74
674 379 57
892 221 48
601 45 79
665 886 40
156 816 35
613 486 55
502 61 14
908 965 100
786 803 5
499 10 5
626 779 5
179 103 34
823 646 89
879 303 83
375 978 28
79 866 74
587 11 2
230 948 7
790 858 49
590 622 92
6 832 62
719 202 25
557 681 96
510 964 32
29 152 40
444 537 93
58 294 14
28 850 76
861 169 42
121 387 81
664 300 82
326 597 86
214 887 99
386 778 29
267 460 89
958 47 86
950 999 63
155 67 43
418 90 90
683 173 41
597 93 1
84 854 97
183 625 62
815 37 51
969 550 83
638 100 69
167 626 10
85 47 98
535 92 66
654 609 53
912 523 81
772 789 34
282 171 66
877 869 5
410 355 24
478 823 59
297 621 52
718 907 36
161 759 96
247 554 67
731 892 81
307 976 67
340 93 24
364 257 38
538 387 57
497 179 61
448 539 79
995 490 86
987 862 64
974 743 60
60 863 64
945 155 13
729 325 40
458 232 83
996 772 14
86 459 74
225 893 37
176 489 56
440 343 12
763 9 62
979 620 1
29 309 100
210 737 10
872 953 62
196 574 64
37 687 51
663 384 55
257 195 3
348 484 27
883 373 64
150 335 3
758 725 38
108 884 3
821 803 27
60 974 63
954 791 88
51 797 74
624 76 27
660 603 49
400 80 28
168 212 15
184 734 6
288 971 82
595 914 3
756 777 46
139 852 96
385 474 32
70 554 14
926 323 16
543 380 58
379 456 2
999 309 48
433 341 12
580 545 88
716 205 58
994 855 37
675 220 72
136 616 47
922 726 54
351 1000 75
425 57 50
42 351 7
301 988 48
845 120 73
351 663 87
576 382 64
262 881 41
876 294 95
232 220 19
315 524 2
403 94 43
640 940 42
672 713 99
113 483 85
110 267 93
916 19 8
661 763 58
688 173 78
799 538 37
459 625 33
174 857 51
801 333 12
521 393 69
50 438 29
124 722 70
959 300 86
488 43 79
496 4 60
681 403 93
493 20 93
629 131 33
135 996 81
222 960 75
923 254 45
480 909 98
835 337 69
322 415 67
191 339 27
90 429 89
25 788 38
370 683 25
334 656 16
45 424 94
926 467 19
787 219 10
554 996 77
754 752 64
327 537 1
323 328 52
793 756 94
434 272 65
691 476 18
583 866 89
152 116 1
433 489 7
160 779 26
287 246 23
169 550 34
821 47 37
128 703 64
121 39 72
95 201 45
356 149 25
730 14 38
778 545 52
633 61 3
980 641 57
464 886 74
889 867 50
990 709 26
810 819 56
460 536 18
36 593 91
613 78 49
126 5 69
360 571 100
972 201 21
178 124 33
872 851 9
302 673 50
98 554 14
702 738 33
796 723 46
958 596 100
23 924 77
586 321 67
969 127 67
313 684 24
12 7 31
489 521 15
578 97 65
551 840 36
865 565 36
106 110 84
711 580 30
418 502 91
869 518 97
371 386 73
63 682 13
29 850 51
885 708 99
944 229 43
820 89 49
176 585 52
473 712 21
786 312 25
788 316 63
836 790 6
588 400 87
182 49 52
312 349 83
382 84 65
876 565 28
597 564 44
5 901 37
717 214 7
265 111 100
761 874 75
40 924 3
973 518 68
477 221 51
621 970 40
259 687 69
507 294 74
694 727 31
280 603 63
646 596 52
361 269 79
103 13 94
275 533 74
510 85 96
325 734 25
569 706 44
728 619 22
286 582 94
377 138 10
875 809 75
850 177 69
168 27 84
815 942 15
626 176 1
928 551 41
363 125 4
234 71 16
279 753 21
831 645 56
656 131 82
303 565 14
168 11 10
862 192 16
597 711 32
160 549 75
851 132 95
92 983 30
98 525 14
303 41 72
768 488 89
931 926 64
701 265 25
361 118 21
794 835 27
978 583 83
989 980 67
703 966 3
782 853 68
834 56 39
911 806 6
367 702 37
134 875 95
460 176 18
493 573 8
71 566 76
80 897 55
538 587 64
751 891 24
168 656 27
563 145 97
338 411 34
434 384 35
689 613 12
677 972 72
252 141 98
178 472 72
707 846 81
136 613 88
425 953 82
281 552 58
469 338 88
156 488 18
185 727 10
177 451 51
879 133 12
117 989 60
627 431 93
322 922 80
830 111 51
433 990 76
410 673 91
94 901 23
540 572 62
202 271 41
528 710 56
501 17 100
982 459 38
724 741 66
952 979 21
802 467 37
758 454 88
551 318 58
826 953 54
885 110 7
360 396 39
544 30 56
918 43 79
775 177 4
235 253 64
591 13 9
633 673 3
104 45 69
824 728 41
743 942 100
606 787 50
628 463 29
770 477 20
583 834 87
799 663 56
273 675 67
21 443 77
409 453 44
548 432 17
370 780 19
992 78 81
854 95 6
60 545 46
486 150 27
989 591 97
875 209 50
517 752 28
392 131 94
209 392 8
107 621 33
675 384 23
443 831 72
44 858 82
837 726 73
114 784 57
72 109 1
729 693 22
453 791 41
631 27 12
263 615 6
771 782 70
519 814 70
393 40 54
430 294 15
533 102 94
854 715 93
768 395 73
696 323 35
839 439 64
672 564 94
405 905 28
402 67 10
507 413 43
762 824 50
205 412 72
98 369 8
714 310 30
457 97 47
283 972 98
447 261 1
87 910 93
515 484 20
707 590 92
572 632 47
197 175 24
419 900 38
680 196 62
621 903 51
320 898 74
838 835 68
651 460 12
963 296 35
396 55 65
668 794 49
323 433 58
652 639 4
532 206 14
856 259 94
447 917 19
872 10 89
304 525 95
331 225 65
73 610 37
379 778 62
285 129 97
247 454 85
980 464 10
317 670 45
893 180 35
572 973 37
499 190 46
488 785 65
205 117 17
87 167 97
149 843 32
247 457 47
301 22 8
581 526 19
673 861 47
721 532 15
471 587 22
331 770 4
789 401 43
695 129 78
349 735 33
346 750 54
638 925 1
831 338 39
497 321 64
708 128 51
109 811 11
488 77 61
869 928 23
844 910 69
103 856 40
78 730 98
615 823 56
376 171 51
227 578 65
228 313 74
843 727 19
556 201 44
869 495 87
403 408 34
491 732 76
927 28 79
135 687 35
189 531 93
460 129 35
391 242 97
46 926 77
295 424 37
275 305 50
507 287 75
105 569 94
154 668 30
319 651 32
198 840 27
837 936 22
793 363 67
896 828 93
589 419 67
753 960 97
488 888 81
115 778 32
240 792 77
759 232 50
867 113 38
294 517 75
985 601 61
998 962 16
9 553 57
190 450 85
203 604 13
757 528 56
104 684 39
812 395 34
857 574 28
461 911 92
749 532 26
866 253 26
896 289 33
996 67 29
158 855 31
689 446 16
750 797 39
501 767 40
559 396 32
37 487 17
28 814 69
331 873 39
58 710 57
330 411 80
65 588 37
583 355 49
954 415 43
709 887 98
481 898 93
234 136 22
71 491 47
446 594 7
50 283 37
863 362 46
465 349 55
850 511 12
348 541 3
356 586 78
744 4 24
376 340 67
229 800 64
824 693 76
131 239 44
878 449 5
729 419 51
677 807 40
244 416 6
3 599 18
810 995 11
900 168 98
36 584 99
355 905 12
458 212 29
736 173 32
800 83 67
827 684 15
496 398 1
328 443 85
959 24 44
861 290 34
469 964 97
197 347 86
163 437 80
168 614 18
826 801 74
636 594 29
202 687 18
715 73 2
605 612 53
562 453 37
847 273 70
574 902 65
977 81 62
216 669 13
313 895 66
989 289 31
895 188 5
980 659 29
728 644 49
550 902 71
500 16 76
645 502 23
455 192 90
207 679 51
941 813 96
78 412 27
962 699 8
956 982 86
356 517 13
497 744 21
360 31 72
640 497 58
574 818 57
230 44 11
442 76 72
807 420 42
315 620 18
498 298 27
113 913 47
600 755 28
117 873 58
348 459 34
568 884 33
93 973 50
625 153 5
994 723 20
689 487 10
159 784 21
531 739 27
343 407 83
835 438 40
723 126 66
467 961 66
17 675 56
231 802 98
216 382 97
213 393 20
392 463 22
489 802 13
37 249 27
641 795 72
207 277 57
759 213 58
310 768 9
430 274 78
580 492 27
452 518 99
801 840 7
42 990 58
816 182 71
578 823 9
262 390 50
554 563 72
665 706 61
227 745 60
915 58 39
520 860 10
167 491 5
654 359 84
60 999 76
898 358 54
970 442 86
855 138 76
112 189 80
696 561 85
215 901 86
728 96 87
646 818 88
952 299 88
564 982 12
517 716 28
104 263 79
760 750 86
969 659 90
637 167 7
281 278 51
164 426 26
634 858 22
982 757 70
413 168 8
686 743 44
545 850 11
239 670 33
601 716 80
136 613 28
358 572 48
176 700 30
18 452 54
883 925 79
984 106 12
958 949 47
524 447 14
839 362 5
32 355 84
400 834 34
238 141 87
413 303 78
85 926 23
600 275 20
411 614 33
728 841 42
253 537 21
80 119 49
509 461 98
639 487 34
182 842 48
518 385 41
291 1000 10
887 937 92
721 227 11
810 804 82
676 724 83
871 880 30
419 828 5
525 391 83
325 746 62
179 586 38
784 910 14
991 615 15
888 537 94
277 369 12
549 26 12
708 692 19
603 839 43
922 457 32
265 363 68
902 253 80
238 175 46
403 889 95
292 852 97
649 219 10
136 898 49
162 631 37
703 218 51
132 844 13
695 478 24
484 696 73
898 99 86
268 914 54
353 215 100
318 546 55
908 289 22
93 839 94
546 572 29
118 605 84
20 177 18
812 93 73
587 432 52
976 754 99
269 505 100
465 459 82
596 348 21
613 636 16
88 99 38
368 715 33
168 779 66
735 981 11
177 36 61
859 743 26
838 879 37
245 114 34
186 76 78
118 549 32
56 399 66
547 388 26
341 230 25
821 351 41
597 936 8
454 344 8
631 689 14
572 470 44
304 213 44
493 728 57
957 799 74
524 469 87
367 437 78
266 587 55
372 294 19
766 728 40
179 207 60
100 660 35
974 449 4
715 658 51
824 451 70
977 266 3
915 490 3
264 666 57
927 877 33
913 889 42
773 500 76
671 151 91
875 215 72
643 191 1
685 419 75
273 326 31
149 739 31
645 908 58
414 894 28
166 437 23
406 819 44
974 245 72
910 751 60
943 935 17
757 974 77
102 416 95
369 4 91
237 905 33
379 434 22
904 596 54
258 12 30
147 592 94
735 821 51
200 735 73
30 4 19
528 128 36
704 627 79
202 922 57
313 231 69
983 127 89
753 576 95
241 575 94
861 188 91
659 16 72
17 386 77
869 528 57
683 345 73
371 135 61
201 777 43
861 939 68
694 739 100
967 610 85
147 819 7
407 622 24
520 943 36
600 730 74
486 691 38
862 225 4
758 662 71
497 315 86
349 809 49
307 478 9
568 728 9
363 640 11
65 944 43
343 811 89
798 994 83
261 855 83
334 501 70
345 715 14
379 37 66
708 886 23
428 154 55
9 327 9
11 103 60
350 40 25
593 440 33
570 415 90
283 605 24
159 975 89
444 405 10
538 727 27
182 606 78
822 206 1
907 225 84
7 26 90
379 985 74
207 125 23
210 861 83
683 259 36
187 246 83
439 170 30
29 16 41
493 74 65
388 297 83
851 209 97
469 769 56
960 173 82
548 406 71
605 205 30
407 539 100
384 105 54
825 820 84
537 365 41
917 992 74
377 644 17
334 472 84
390 234 84
827 482 42
999 101 89
319 414 7
911 518 42
592 9 62
823 308 41
625 522 65
126 553 94
660 921 81
103 955 17
974 827 21
822 17 67
421 104 58
2 659 81
130 701 46
6 48 72
729 609 4
410 916 46
19 445 69
826 426 29
282 650 8
402 183 74
364 316 81
685 785 73
303 651 96
400 481 50
878 801 46
804 995 90
726 826 33
232 983 77
782 769 87
307 393 28
758 467 31
902 194 28
957 106 1
102 878 40
887 243 4
594 767 55
751 644 64
740 56 35
195 94 58
947 472 80
417 198 18
942 947 35
991 209 34
831 756 33
585 89 21
945 979 35
997 339 57
391 166 45
32 622 40
625 243 62
220 62 84
598 584 65
449 176 89
752 28 20
53 444 58
785 337 67
903 752 60
73 884 59
93 41 51
361 766 41
829 489 42
741 493 28
834 259 54
995 99 23
169 469 89
399 221 86
218 396 79
642 301 98
363 546 44
550 865 66
45 315 11
935 233 4
743 319 83
863 871 82
501 290 53
25 270 59
152 402 78
590 677 51
944 732 82
362 221 72
848 175 64
671 931 96
484 331 59
274 453 98
182 955 42
639 321 72
847 363 23
325 742 10
488 633 45
516 62 22
108 359 72
702 671 67
622 493 47
191 925 92
180 649 13
153 705 23
815 985 8
418 759 22
366 974 18
291 762 20
495 621 54
405 573 65
686 77 72
727 840 77
112 924 81
892 811 49
191 67 69
199 212 26
820 297 61
559 407 40
644 95 56
999 266 50
885 579 3
214 221 79
165 664 57
831 843 98
596 862 1
297 770 17
986 632 37
210 956 15
605 690 34
38 622 100
687 609 28
850 766 62
65 693 42
893 72 75
979 150 43
586 813 91
606 135 1
616 816 42
440 226 64
470 333 44
71 252 68
659 451 81
359 16 72
81 392 32
392 311 63
996 172 93
867 414 68
508 541 89
340 442 18
288 46 93
97 911 51
251 657 41
224 919 85
361 178 97
708 531 41
807 310 33
432 815 46
706 474 85
17 265 46
980 25 86
269 792 87
398 598 71
337 520 73
752 940 77
109 400 98
605 155 33
857 871 84
516 675 76
509 352 16
389 369 99
933 74 9
610 731 26
470 850 3
844 491 16
481 969 13
704 878 41
32 464 30
288 32 50
379 932 72
901 833 55
90 205 80
68 107 19
332 161 94
49 718 62
375 135 1
435 720 38
881 311 66
61 167 95
384 303 61
12 812 38
831 734 17
347 437 11
82 41 81
341 803 41
987 290 97
454 9 38
850 619 14
353 979 61
187 10 79
259 127 15
166 834 76
202 46 15
210 841 32
500 937 13
296 987 16
962 958 47
181 889 37
582 597 82
901 936 9
940 90 59
900 921 12
482 79 21
31 589 43
883 899 36
1000 568 44
180 949 13
365 790 62
89 883 49
411 900 39
247 307 61
201 27 67
941 950 29
389 378 27
981 901 49
52 352 37
74 156 28
725 362 24
597 22 14
318 938 52
922 699 40
952 37 74
443 333 95
586 192 20
757 527 76
550 777 43
71 15 96
340 739 69
453 627 100
83 174 16
374 526 19
667 55 60
320 149 84
289 759 42
963 290 51
810 443 1
736 335 37
388 395 90
654 926 72
989 632 79
508 193 92
325 774 59
134 730 54
762 405 78
574 235 8
286 53 45
398 113 84
362 108 44
178 463 40
917 521 72
891 916 97
542 247 93
138 854 51
591 306 98
136 793 93
660 840 21
255 969 25
345 652 8
347 594 33
404 619 92
313 463 85
946 443 65
474 740 83
729 268 20
465 247 43
699 966 4
361 129 70
110 793 14
375 535 49
329 172 91
864 647 65
484 903 91
739 414 64
225 372 55
87 452 39
827 69 47
17 186 89
417 609 19
799 55 57
567 251 15
741 704 1
838 323 2
779 663 79
139 607 56
496 920 50
255 960 99
627 405 96
647 131 31
702 743 80
536 613 55
136 503 36
230 851 41
988 672 97
555 755 100
753 904 63
980 308 2
34 316 39
596 870 32
62 810 43
939 744 40
825 981 9
803 114 26
235 942 79
605 644 57
222 880 21
364 426 6
850 249 78
507 703 99
347 319 78
556 729 55
936 262 30
659 144 22
658 996 27
742 917 58
755 490 40
653 713 40
90 502 96
918 453 42
864 936 55
987 486 81
92 565 21
804 470 59
504 62 81
920 76 60
521 766 33
908 505 42
318 685 88
979 50 47
210 795 86
432 378 40
210 422 32
806 876 90
593 901 24
78 283 49
767 421 37
606 152 63
70 473 8
644 577 28
482 750 40
262 988 28
401 699 25
18 197 22
336 435 3
361 370 96
397 907 7
73 761 58
315 553 34
836 7 93
251 272 7
585 681 58
364 384 41
651 774 76
857 133 42
212 102 21
995 238 5
271 410 52
215 772 38
750 353 86
282 895 97
867 410 1
986 766 39
71 143 24
653 198 77
513 10 49
825 82 92
965 821 60
685 264 67
452 729 69
556 732 90
16 820 100
969 584 49
847 930 32
63 502 27
237 945 48
401 236 11
22 958 55
370 968 77
915 118 73
802 855 84
848 994 33
706 599 35
357 524 30
143 554 93
339 83 70
801 584 46
375 695 100
722 657 59
786 586 5
208 990 16
297 798 9
973 953 48
984 285 20
631 942 2
410 950 22
460 95 83
719 413 94
284 949 14
301 555 43
46 186 59
815 193 74
360 141 27
197 758 16
585 193 64
717 695 19
859 730 22
865 228 35
463 541 21
845 779 93
79 69 83
61 742 42
427 963 50
661 141 13
632 634 29
145 420 36
983 862 31
250 156 65
235 692 82
200 767 30
163 43 76
882 360 3
784 937 38
808 248 30
931 826 90
141 582 28
598 227 48
712 89 93
522 589 11
399 703 89
769 186 83
176 394 5
733 901 85
403 282 46
137 679 21
957 70 49
197 196 75
723 489 7
936 473 11
330 786 94
1000 38 100
272 687 100
780 4 98
655 115 25
108 1000 58
166 308 82
173 645 85
9 374 62
437 285 7
339 650 43
526 948 100
712 363 74
327 532 88
437 20 54
495 332 41
164 953 74
746 606 24
702 332 56
542 538 64
444 247 61
168 609 34
79 659 14
27 629 95
670 544 2
238 515 66
514 723 2
803 251 86
880 46 26
150 581 36
280 910 51
547 962 26
168 475 78
429 729 80
868 622 3
74 414 67
971 740 89
56 415 83
972 1000 17
983 786 86
124 610 61
562 938 99
546 187 100
756 746 52
692 901 67
892 210 1
576 637 57
618 247 5
846 857 67
441 46 41
851 858 49
652 744 90
15 318 22
370 937 51
304 98 62
25 655 4
673 62 48
188 335 16
718 829 19
821 544 70
564 996 79
515 853 91
338 574 67
825 994 67
481 652 18
682 236 34
265 668 50
483 765 14
345 378 37
911 938 99
666 812 52
10 474 52
892 57 32
782 720 65
774 277 61
755 366 89
86 686 61
442 270 29
12 91 85
888 155 18
27 734 78
497 998 25
310 761 34
307 260 55
539 939 15
170 914 81
67 289 92
133 638 70
709 947 81
568 983 100
669 156 85
653 877 49
87 977 79
942 145 88
981 761 23
320 792 8
167 679 74
966 851 86
498 749 5
757 483 29
965 398 78
953 468 23
336 174 35
627 593 41
541 715 77
800 781 31
278 946 92
156 417 65
228 565 53
301 2 99
13 981 87
387 281 91
639 208 51
866 25 39
475 414 47
301 390 87
946 141 64
396 714 84
61 787 74
9 118 42
435 137 21
276 447 2
675 317 74
704 976 91
379 213 79
85 278 21
100 624 74
381 371 30
308 594 63
697 680 68
337 459 17
17 939 95
466 505 7
115 824 99
860 541 62
267 955 74
246 3 37
134 393 75
602 64 78
402 73 40
572 208 82
509 827 25
392 628 18
184 520 78
950 206 70
646 244 1
158 386 31
913 206 92
100 531 82
721 842 75
90 529 95
223 604 6
919 585 91
779 190 90
580 13 56
515 360 14
387 869 80
29 801 97
747 721 47
468 333 46
681 314 59
659 616 5
503 731 12
501 745 21
554 1000 11
336 835 35
155 848 70
682 818 56
55 969 69
495 153 37
786 699 48
480 685 1
51 990 4
925 212 21
186 735 53
130 189 58
751 811 98
79 248 53
809 576 68
839 841 12
146 105 31
247 818 95
634 743 48
879 1000 26
852 808 93
798 213 34
137 162 3
557 59 65
310 119 22
861 660 48
190 514 80
590 476 18
941 421 69
529 180 64
671 615 23
795 245 73
898 757 92
646 704 64
605 381 2
37 740 83
581 708 51
415 614 71
772 246 22
555 620 58
225 624 17
932 791 39
303 907 75
188 57 29
46 962 17
636 578 10
862 877 71
132 466 59
927 165 23
914 164 12
69 78 54
190 263 28
783 553 43
371 91 67
824 895 73
480 937 71
796 864 27
198 202 14
788 992 2
619 625 96
164 606 53
905 737 18
525 718 20
829 897 14
788 479 69
113 516 25
347 51 16
313 986 73
795 746 29
137 755 9
378 262 53
814 603 29
713 736 58
98 467 37
142 884 58
101 448 10
268 135 66
880 255 46
590 361 31
474 893 6
422 327 10
212 961 21
464 536 64
454 315 13
468 502 96
203 546 12
591 640 36
19 833 36
257 547 57
599 296 88
385 143 65
5 198 19
693 382 15
199 888 50
872 809 27
922 879 59
630 241 63
511 884 95
510 135 67
938 558 16
124 942 4
939 742 64
811 912 58
548 863 28
516 448 95
575 799 45
1 177 61
950 987 36
586 445 83
32 826 67
422 708 41
240 667 10
34 612 90
476 964 79
621 955 93
27 868 20
239 718 49
6 86 22
803 534 42
330 615 97
865 439 7
223 880 16
224 94 49
989 811 31
917 274 68
610 667 24
48 185 83
16 39 29
790 135 68
515 649 23
708 962 10
306 141 84
263 171 49
851 285 72
516 188 95
333 481 49
320 509 82
113 496 39
639 572 65
130 673 79
840 349 13
921 511 49
913 8 32
116 681 38
920 326 23
581 198 47
29 890 69
680 315 5
2 462 58
337 84 66
701 560 22
447 722 41
473 854 61
566 138 47
199 201 92
187 969 24
807 663 33
662 236 98
932 721 79
531 605 20
562 138 92
37 94 9
366 706 75
318 455 13
103 492 76
858 308 46
321 831 32
101 850 100
686 475 56
355 964 53
959 376 70
645 825 86
102 620 100
663 218 45
348 284 41
769 665 41
306 131 55
209 587 62
74 908 10
838 331 66
194 824 71
356 576 83
304 815 87
919 202 44
375 751 37
286 544 26
104 529 46
761 116 84
586 630 69
689 315 25
279 137 17
83 87 96
306 708 70
770 462 73
214 243 42
369 165 86
786 301 10
324 406 62
731 419 95
661 626 77
166 111 42
705 847 33
36 161 44
78 940 36
659 858 39
180 26 3
551 521 59
186 783 44
882 934 76
765 866 84
557 252 67
355 37 1
600 947 80
268 759 82
305 294 27
914 150 49
585 230 94
853 203 20
526 468 3
905 965 54
330 1 85
131 63 86
881 306 94
7 157 89
915 228 21
33 806 27
267 381 57
198 662 4
534 844 47
517 871 60
439 279 9
305 601 61
334 549 45
707 592 31
176 849 54
190 726 26
755 181 31
636 974 57
49 912 32
696 748 87
214 566 100
67 504 26
432 69 54
805 17 26
38 855 100
792 793 45
849 874 71
955 266 53
371 201 46
411 898 19
539 286 78
340 775 8
85 509 81
304 140 29
739 943 11
203 264 22
19 699 6
123 557 84
687 530 44
647 299 72
971 794 39
614 636 31
109 306 71
454 476 18
586 850 96
274 573 79
632 206 87
977 769 40
193 943 22
740 339 47
17 704 57
209 299 89
768 354 86
164 636 31
46 831 99
300 474 35
162 628 8
510 202 41
54 144 84
57 187 40
730 315 94
127 971 10
50 389 73
192 47 35
469 936 13
386 534 34
102 930 11
744 225 50
145 198 96
599 125 46
649 886 70
667 299 11
377 794 71
287 739 61
13 827 12
878 673 14
231 104 16
532 183 10
110 322 55
385 213 19
526 215 96
172 326 54
193 658 58
232 166 89
963 738 33
357 97 4
108 830 30
868 258 67
129 579 32
507 895 21
409 284 83
975 41 96
649 724 96
420 9 61
415 682 78
369 698 7
172 213 22
559 151 68
686 201 63
220 869 28
992 35 42
274 648 79
338 606 51
333 75 76
701 672 29
353 821 5
448 36 36
56 714 46
742 872 87
220 829 75
902 585 50
14 911 81
502 826 8
214 938 22
217 682 31
318 197 19
276 907 49
65 719 30
215 807 9
215 448 12
272 275 13
975 961 74
582 465 86
947 656 65
75 760 90
254 600 43
391 228 72
926 980 1
658 220 58
278 955 67
510 165 97
561 871 81
320 808 28
436 161 57
528 594 86
742 433 45
844 402 6
188 418 39
300 741 31
790 519 94
539 30 29
710 239 52
665 894 31
603 657 9
319 824 36
983 149 78
548 781 46
509 158 99
66 688 5
370 652 89
448 707 61
425 561 65
788 333 93
727 638 34
443 10 95
719 118 72
747 706 9
801 569 61
616 539 93
825 690 19
200 268 9
872 790 26
60 549 79
717 733 56
473 849 44
697 964 4
450 884 52
605 746 98
564 318 75
875 367 23
863 867 79
478 424 64
521 548 13
539 368 15
958 487 4
410 815 53
722 222 99
112 709 73
147 387 84
571 803 10
21 10 57
509 987 27
776 195 81
938 641 8
413 969 13
233 268 35
199 290 61
51 450 27
901 2 70
80 713 82
546 776 60
71 276 41
956 809 18
286 443 3
913 898 38
624 333 1
434 446 11
853 904 64
358 643 28
352 744 55
463 317 13
628 245 33
355 384 58
977 458 22
489 973 67
975 447 63
450 722 57
852 262 1
251 541 47
374 696 49
361 742 39
519 422 29
522 412 38
119 12 13
440 484 2
858 560 91
679 529 42
235 362 51
868 948 16
331 101 97
401 608 76
970 789 17
976 919 83
705 17 23
925 529 81
1000 544 2
707 655 55
818 835 13
604 1 76
728 791 76
491 528 64
474 795 90
937 916 84
444 452 94
540 235 24
978 938 22
230 110 95
620 694 14
894 772 8
182 509 31
323 760 5
638 602 64
714 128 97
851 636 99
92 508 93
41 87 70
110 149 39
613 14 6
414 589 37
281 411 74
3 16 87
291 617 26
497 409 6
153 791 53
965 736 92
983 996 55
53 7 58
826 1 49
285 312 42
715 789 7
211 670 73
243 437 40
147 589 54
62 434 46
465 663 25
791 698 100
395 803 46
239 855 82
895 91 62
393 508 100
349 524 92
774 792 81
844 249 1
40 520 97
424 297 4
829 330 94
35 153 92
65 98 49
761 842 71
488 218 76
668 298 41
367 993 82
275 813 28
825 302 8
359 744 29
463 965 46
927 278 76
734 827 46
812 300 83
54 941 85
228 849 8
568 504 70
280 92 77
696 318 85
564 264 34
652 244 1
702 111 70
177 574 63
24 188 2
952 285 52
142 399 35
393 496 69
121 585 73
989 287 55
629 164 3
686 818 87
831 855 95
12 233 26
814 740 49
707 286 87
831 448 53
898 651 21
15 450 25
154 264 14
433 198 89
889 391 19
106 957 68
51 521 5
195 931 1
624 534 51
340 723 31
115 143 64
609 653 74
767 393 42
742 999 21
54 191 87
546 88 66
637 970 99
362 576 55
744 610 86
426 255 41
647 252 98
63 498 18
42 196 83
965 345 59
768 136 89
277 856 77
204 467 81
745 712 90
732 870 25
565 735 52
340 796 55
462 479 1
287 890 2
298 822 95
532 942 7
749 954 83
766 385 50
20 2 8
30 713 78
616 728 19
511 569 62
119 451 91
187 63 36
943 411 20
976 677 94
946 646 26
983 612 70
477 457 66
157 276 80
454 792 12
810 454 73
392 407 7
760 193 68
526 722 74
900 914 51
518 199 33
743 225 43
378 56 46
161 247 12
493 409 3
230 24 14
720 792 72
533 678 35
241 32 63
518 782 36
798 739 1
491 899 3
804 395 42
309 703 78
653 81 15
787 654 24
363 727 72
208 187 40
763 285 3
210 448 82
209 770 9
690 947 26
853 52 74
738 803 91
685 541 100
145 744 16
548 342 98
197 842 57
431 715 57
75 600 42
99 730 16
345 295 73
105 668 52
405 556 10
573 809 72
139 482 42
796 107 39
315 651 8
277 685 52
823 695 22
623 659 51
928 821 48
474 855 66
565 821 32
699 966 97
635 369 71
236 687 66
993 861 1
355 823 38
8 947 94
466 963 95
927 935 68
972 69 97
637 749 32
470 564 57
105 648 42
418 638 55
486 28 97
50 873 70
507 56 14
355 363 61
255 118 36
167 428 58
734 22 78
453 502 31
348 31 73
387 897 60
873 774 9
280 257 69
736 807 95
181 483 8
33 813 19
285 336 48
940 623 1
608 685 9
88 712 74
354 395 69
805 966 59
41 81 32
923 227 99
115 931 6
244 79 58
642 728 16
395 270 84
90 654 97
693 625 30
914 880 74
517 456 85
320 476 83
110 665 48
476 663 72
680 824 53
700 235 56
997 612 5
72 62 61
777 962 58
600 830 73
421 946 43
868 682 77
309 929 39
888 713 5
642 52 65
527 74 69
349 291 37
214 742 95
733 888 4
221 542 60
956 909 15
980 284 5
472 594 40
929 947 90
86 528 59
153 926 47
991 839 47
828 353 69
884 477 25
805 800 49
438 955 6
656 229 72
587 22 32
840 187 84
73 715 55
301 659 58
325 357 70
766 814 49
859 211 91
924 822 87
511 434 52
681 826 93
536 559 86
800 988 10
87 359 13
565 641 33
719 520 55
570 799 21
168 619 69
573 643 80
566 891 80
601 771 65
939 200 71
40 147 73
168 193 6
953 366 28
276 677 8
465 133 10
779 786 66
17 125 71
390 848 1
756 343 57
678 726 73
199 851 38
613 223 88
31 848 68
153 987 75
128 428 95
922 356 86
77 616 76
955 400 69
919 773 28
885 381 26
455 579 26
242 812 28
377 233 86
221 966 59
135 292 18
677 505 35
553 14 98
627 49 7
844 482 87
480 819 96
99 744 79
241 903 1
272 667 54
172 232 11
487 743 63
704 437 72
693 116 58
764 854 64
439 104 39
770 515 57
407 986 33
693 436 23
921 883 68
325 780 77
542 566 98
686 459 17
636 985 74
331 461 98
55 177 87
204 839 29
117 842 54
699 474 94
24 340 18
642 470 13
32 93 24
153 660 15
261 121 20
301 447 99
204 62 95
184 105 22
625 873 56
350 239 54
578 314 6
861 877 66
556 453 47
554 733 42
248 369 30
763 880 81
528 476 14
884 837 1
884 785 8
865 857 40
154 170 21
611 795 30
199 852 29
611 600 12
847 257 60
487 230 89
115 706 61
30 975 2
901 443 13
347 585 17
646 329 41
937 526 89
604 198 38
695 993 91
335 488 99
273 344 76
411 470 76
4 917 91
533 152 43
793 68 50
540 820 58
976 891 20
154 554 2
932 700 8
845 300 23
531 585 57
520 887 87
168 285 81
570 660 29
68 445 66
30 977 59
172 191 73
633 193 45
535 924 6
390 129 96
547 298 80
76 631 71
948 810 77
648 157 34
469 797 100
935 895 42
654 829 79
435 138 71
126 407 95
402 261 62
794 737 67
907 638 62
976 736 31
305 203 26
49 90 92
51 954 81
727 933 77
176 299 4
748 666 47
195 601 11
371 630 97
623 273 52
131 102 65
748 261 48
9 500 35
179 243 20
104 266 50
245 504 82
273 856 47
981 621 13
890 41 2
137 278 31
20 255 17
908 628 97
44 302 19
434 34 95
142 279 1
280 859 23
291 257 14
415 19 74
51 223 37
422 322 98
673 982 76
642 91 61
377 611 4
320 344 49
515 976 27
411 595 92
581 946 9
212 934 69
32 511 82
520 127 61
556 512 5
911 867 39
442 284 46
350 140 19
109 394 97
956 385 30
819 556 50
453 83 38
308 440 78
960 191 59
914 84 51
559 444 73
12 360 5
618 400 27
584 815 12
725 205 15
785 683 21
539 642 6
585 562 8
465 101 21
246 932 98
226 997 38
8 717 79
168 467 85
758 847 45
498 893 86
141 363 90
696 598 10
291 68 90
38 1 42
415 13 19
944 959 96
375 45 1
615 322 1
404 404 57
533 747 5
946 727 4
144 509 85
643 50 70
495 934 68
500 760 22
991 397 51
814 662 37
273 590 20
463 516 23
863 853 16
94 771 78
4 281 33
628 311 75
207 819 5
694 518 91
952 478 72
196 611 9
144 685 55
810 849 65
540 850 89
184 731 74
500 445 39
70 200 29
598 749 64
659 569 32
217 795 37
889 278 27
502 580 42
718 78 51
964 271 36
112 909 62
835 191 17
560 66 9
9 663 29
511 740 92
608 693 69
595 884 57
940 349 55
416 499 77
838 784 28
842 250 77
998 180 3
750 292 32
855 529 67
236 456 53
138 358 45
778 300 33
234 516 6
377 291 39
865 940 78
234 606 66
870 998 18
382 944 33
736 805 59
569 274 74
207 271 33
159 230 12
606 441 16
609 96 92
922 335 68
877 874 56
820 392 45
129 727 81
67 921 4
533 651 76
258 254 52
639 959 30
424 892 39
62 911 61
436 706 100
854 282 48
544 424 19
150 171 13
79 593 70
921 977 41
869 792 76
605 498 95
782 793 13
375 881 72
784 967 26
142 743 39
964 870 85
471 837 85
270 6 55
782 218 18
382 252 82
449 658 75
471 136 6
742 508 85
28 336 74
546 841 79
593 356 31
788 230 85
474 480 95
805 35 39
409 570 24
23 23 26
745 800 97
784 896 2
123 627 54
697 408 79
775 469 91
918 690 68
580 710 80
343 819 25
963 53 55
383 910 1
725 330 55
211 648 73
849 437 10
887 220 7
845 247 36
212 966 30
504 89 43
720 736 49
367 578 94
751 632 74
964 438 37
321 1000 71
881 517 42
213 243 89
579 1 47
69 758 40
611 693 2
809 764 96
940 975 14
603 510 46
726 571 64
545 314 73
3 158 94
802 591 64
382 103 27
766 247 85
441 144 11
457 935 5
652 244 3
683 536 40
630 679 19
85 431 37
370 91 6
537 195 100
606 437 100
32 365 55
387 507 29
176 449 76
246 514 80
721 386 84
737 886 61
448 157 7
659 583 5
945 784 7
752 126 4
437 940 52
855 937 28
406 23 57
713 191 82
335 61 79
215 722 16
152 33 41
758 627 77
234 456 46
535 227 7
11 717 65
147 902 5
461 277 30
318 703 49
78 918 1
69 254 52
331 383 60
387 202 49
301 597 100
361 356 7
480 962 81
776 536 19
742 793 82
307 166 15
648 778 44
212 908 17
36 376 46
420 877 9
870 694 88
988 119 54
589 208 44
136 557 21
320 627 76
70 371 55
59 463 8
168 354 18
577 739 41
537 815 56
135 771 88
908 270 92
491 422 69
785 404 57
858 819 53
29 230 87
91 622 25
462 952 36
964 860 60
384 172 95
1 454 3
39 524 90
769 550 80
825 114 46
545 896 3
368 45 77
54 705 77
819 646 55
232 567 40
121 90 46
604 412 42
447 875 42
750 322 54
908 446 3
22 919 46
407 607 71
612 639 3
802 358 100
164 448 95
191 304 42
712 742 58
833 323 29
534 319 98
747 664 90
924 298 32
133 448 42
773 280 92
730 826 22
749 920 51
311 398 29
358 370 90
422 992 92
785 96 2
261 496 53
694 737 52
51 978 100
778 123 16
529 823 88
216 672 68
421 701 41
209 606 85
837 69 40
787 307 16
247 540 72
740 858 40
979 267 30
237 603 90
638 242 75
49 386 39
130 876 54
678 555 26
929 858 29
725 666 22
39 191 19
654 685 65
551 550 92
290 988 54
450 452 18
348 235 87
77 986 82
186 844 32
166 517 42
13 112 30
718 495 20
337 420 62
832 258 8
331 241 98
824 538 62
818 710 66
928 251 24
970 3 38
481 93 56
63 434 57
615 597 8
667 954 24
995 24 87
616 323 22
575 31 21
315 51 67
457 171 56
708 672 98
795 180 45
626 641 17
21 577 15
826 690 18
512 624 30
907 781 54
957 946 19
752 822 87
814 822 39
174 643 94
958 9 3
214 469 7
576 987 96
617 317 7
758 571 11
623 90 3
162 149 19
25 113 10
646 994 74
204 176 100
857 939 91
976 893 79
790 343 96
440 367 24
304 585 55
837 800 71
781 453 25
970 389 92
911 807 63
300 311 18
79 552 10
537 934 98
12 200 48
765 95 33
586 691 52
619 804 79
575 682 18
276 194 34
346 482 96
51 724 82
56 868 95
540 147 60
719 800 49
902 724 32
504 578 98
723 916 25
280 462 24
697 728 39
174 240 59
939 159 86
193 676 14
748 545 54
728 971 2
544 608 4
76 28 51
338 377 85
581 45 90
351 834 99
636 638 59
470 523 50
208 812 26
434 943 21
20 780 76
920 157 5
904 671 13
978 605 18
168 492 90
691 11 16
667 654 27
303 401 61
888 342 18
755 241 32
284 306 14
604 716 44
907 36 27
907 374 14
865 284 23
99 308 27
614 981 80
359 942 11
558 15 42
142 933 31
219 141 10
165 43 55
818 763 44
108 787 17
775 694 86
975 419 7
291 389 22
498 481 51
190 887 80
356 776 77
112 670 66
495 536 79
58 758 62
250 763 37
713 967 36
385 183 84
76 96 31
612 463 99
991 749 48
197 991 26
841 47 33
256 438 19
330 567 58
138 310 35
438 435 33
347 657 94
790 827 43
374 141 48
730 758 59
179 440 64
183 930 35
270 700 42
810 647 10
653 185 7
865 955 10
303 695 34
694 645 41
61 447 52
386 149 36
853 487 97
629 505 17
876 337 92
472 875 72
846 612 45
298 541 62
898 179 86
171 461 76
304 1 82
745 320 78
981 781 5
785 336 95
607 59 11
927 191 72
508 400 75
312 924 28
424 207 86
180 590 67
87 267 97
792 531 92
272 549 47
440 718 56
848 945 5
7 606 1
376 938 56
775 669 55
196 319 86
910 431 37
684 867 26
356 869 10
522 692 38
290 124 87
789 577 39
838 304 72
116 856 66
661 709 27
354 803 78
51 46 86
712 189 47
10 595 74
785 392 61
2 300 97
432 8 84
790 186 53
95 478 2
605 619 2
820 384 95
857 733 47
986 794 21
170 764 6
990 697 16
504 618 75
458 836 11
415 947 54
705 340 8
382 852 67
10 7 23
114 668 28
995 914 30
194 128 66
927 647 91
214 501 61
120 935 92
79 683 17
855 651 49
139 565 72
618 139 7
801 513 9
449 658 74
557 549 8
621 960 97
74 269 59
71 160 4
333 608 11
570 987 88
661 243 45
321 117 64
434 347 39
755 29 34
796 857 49
462 706 84
133 74 63
331 610 32
704 871 52
264 614 4
184 225 71
13 547 41
261 93 57
128 394 31
635 907 17
343 590 15
962 981 5
862 916 81
573 634 29
927 18 49
154 939 31
19 223 93
471 451 68
679 567 94
217 775 55
932 458 89
568 607 48
580 554 19
976 815 48
554 563 54
485 147 93
841 489 13
235 634 82
100 690 46
763 141 38
254 916 88
971 382 71
404 594 99
486 368 87
312 661 86
401 87 34
529 474 23
221 546 54
980 126 85
674 125 39
805 302 11
45 824 18
464 577 45
660 734 95
942 775 60
859 66 52
122 742 57
983 963 53
810 966 96
36 532 81
307 592 19
657 243 93
718 425 68
588 699 81
176 157 30
924 856 93
490 381 31
820 986 52
818 642 22
998 489 17
110 240 62
888 844 28
646 679 62
13 822 14
696 930 10
765 519 29
683 398 24
336 726 48
277 1 72
695 589 39
941 562 10
629 853 5
550 100 59
75 63 33
624 488 98
488 275 78
55 739 33
3 241 49
692 92 6
166 679 72
352 773 46
618 268 85
709 329 57
187 542 72
634 747 95
660 103 31
589 79 55
406 789 91
661 517 33
209 848 36
851 692 5
2 296 69
66 246 11
677 915 9
832 643 96
972 677 45
934 252 42
679 341 72
65 92 48
801 457 1
695 251 51
318 228 17
217 667 84
850 214 80
225 392 50
467 530 44
704 790 18
991 691 32
25 429 71
35 701 28
43 34 80
490 341 88
25 845 84
708 6 21
425 545 99
333 620 2
374 197 68
860 38 69
58 449 61
659 701 81
948 679 67
239 537 90
629 517 37
251 945 26
771 848 89
574 334 25
25 504 65
612 517 46
492 648 68
834 618 77
332 472 64
838 390 8
494 825 67
924 679 98
747 168 38
924 296 58
853 172 96
788 547 1
336 414 66
646 466 42
57 196 49
376 683 45
237 601 99
801 885 59
976 440 44
732 331 71
534 727 20
114 451 3
134 112 99
24 794 32
982 173 13
771 944 85
169 591 5
221 966 10
839 405 20
478 192 30
754 18 6
880 151 57
482 301 58
709 271 80
581 363 10
394 821 54
232 653 18
623 303 15
621 751 62
989 636 93
959 833 98
933 495 66
344 626 94
238 397 52
367 871 90
642 173 92
791 314 99
873 949 15
571 50 86
454 229 17
884 866 5
520 232 44
743 994 92
170 596 62
167 987 48
319 486 42
442 191 27
398 991 72
518 159 99
640 213 97
253 295 13
381 932 4
336 614 40
75 308 87
54 517 91
760 834 91
285 57 41
179 123 96
372 252 69
373 80 25
556 657 28
951 834 63
424 431 22
339 294 18
129 464 80
743 393 62
358 553 59
392 710 6
974 290 43
874 622 20
365 185 79
402 799 49
639 854 60
553 170 27
681 652 18
670 421 5
724 7 73
850 592 23
889 387 89
951 858 47
122 939 88
697 230 75
345 606 8
467 926 28
750 441 25
454 497 16
171 645 96
530 688 88
772 79 83
322 446 10
166 535 49
653 497 11
537 140 92
474 608 52
940 93 11
119 754 10
262 905 97
313 59 15
780 287 13
789 89 81
843 902 46
320 616 45
288 216 35
237 426 76
202 506 2
768 89 63
734 798 31
64 540 30
988 417 51
840 816 8
710 641 3
664 584 43
644 444 62
633 600 38
902 575 18
824 791 72
326 652 50
505 300 84
89 604 92
204 916 43
178 206 64
524 327 67
337 485 45
771 122 62
532 648 50
865 410 58
690 146 51
23 930 58
802 757 90
224 266 81
517 562 20
409 590 23
844 881 77
126 628 61
339 227 68
729 940 30
773 850 47
585 319 93
475 49 4
280 283 33
991 231 64
844 561 80
307 981 36
901 449 58
837 202 15
344 487 28
672 332 3
557 183 47
983 311 79
309 284 7
912 631 65
442 373 75
29 433 5
30 740 55
129 942 41
865 279 55
786 668 6
773 274 9
49 651 87
344 684 6
677 638 19
658 908 75
422 358 97
980 378 43
682 618 16
779 189 51
586 540 6
23 597 16
748 533 92
396 850 93
429 987 35
885 742 70
969 482 83
530 709 88
155 203 19
670 818 52
677 504 94
428 983 78
173 391 17
74 371 33
174 261 70
53 443 10
357 894 69
859 133 99
469 736 33
993 315 19
923 181 58
339 822 61
374 231 86
477 784 60
578 263 15
107 668 79
150 220 35
593 413 36
913 192 67
849 755 29
3 491 45
885 566 30
567 802 74
185 993 24
101 718 83
948 650 52
344 254 56
63 921 95
644 476 65
985 26 8
252 23 73
288 896 38
905 764 37
380 438 57
328 253 30
812 451 42
173 588 66
205 437 52
877 881 59
807 902 72
499 594 80
210 329 85
217 370 98
60 490 13
821 554 56
404 610 38
455 612 5
105 294 21
483 424 66
669 664 14
91 731 49
21 558 14
66 246 41
285 747 56
438 699 24
334 183 95
845 687 34
174 800 96
929 114 37
777 113 36
195 942 15
228 341 91
344 7 39
780 377 4
429 87 61
704 230 98
601 361 42
41 65 18
155 427 8
741 923 89
770 204 91
300 893 41
484 669 91
720 318 85
913 22 54
692 584 55
809 656 1
720 109 66
26 662 59
679 890 31
261 365 66
141 524 31
793 433 18
447 37 23
935 492 38
307 539 11
993 803 39
285 746 32
869 596 13
580 121 12
686 29 23
742 88 17
589 129 100
422 749 90
757 35 61
338 347 37
314 341 78
724 156 9
735 946 6
96 143 70
995 418 50
190 56 37
960 877 97
478 387 93
265 945 64
601 665 24
71 411 7
457 739 7
104 892 26
215 132 16
48 453 18
158 854 78
67 321 69
782 375 26
274 848 78
436 291 36
276 371 66
988 174 60
267 130 38
240 70 52
677 432 19
585 323 69
349 633 72
983 598 52
693 343 37
390 62 16
524 972 57
735 929 44
893 632 27
128 73 19
334 342 34
559 662 83
739 193 45
828 124 59
271 651 89
772 41 88
946 144 65
657 355 6
61 482 21
363 91 43
111 911 77
942 9 19
425 598 90
8 487 54
272 670 87
248 429 9
192 739 72
704 965 30
673 99 40
383 506 37
44 154 23
955 736 30
993 803 88
81 884 37
479 199 40
62 784 47
920 540 34
476 679 96
768 194 79
537 129 16
477 244 91
864 447 88
345 914 87
654 77 65
224 816 54
387 471 82
230 900 3
44 217 77
606 967 39
323 871 40
236 335 91
785 925 14
89 577 6
222 877 15
279 991 54
848 442 70
931 433 70
676 994 100
84 401 55
343 962 32
129 730 62
858 198 93
752 510 96
177 228 65
340 991 56
519 783 17
948 975 51
683 242 95
489 980 24
752 536 63
137 548 54
515 223 92
682 806 47
560 162 36
503 741 93
908 166 5
590 931 91
717 62 79
668 494 84
284 909 77
573 888 23
634 261 22
12 982 70
434 221 95
384 5 47
459 90 70
367 530 62
252 858 10
217 419 72
682 69 42
819 102 71
87 720 62
895 662 30
207 522 50
558 960 3
904 12 3
807 154 8
556 782 7
298 807 21
433 107 75
349 55 9
958 367 59
704 615 12
624 698 24
394 430 29
453 580 71
273 876 10
837 287 15
219 324 22
841 537 97
866 770 98
370 885 74
332 956 11
277 38 55
512 348 18
777 979 68
489 88 48
295 734 75
21 591 61
318 443 68
276 60 42
3 970 67
630 756 75
854 809 15
313 776 4
720 357 16
136 907 37
167 465 81
530 737 43
136 555 10
136 556 57
460 352 78
903 950 49
768 317 24
357 442 59
168 613 83
635 514 97
575 801 48
894 807 33
1
1 1000
