900 1740
1 2 47
1 31 60
31 32 35
31 61 58
61 62 93
61 91 59
91 92 42
91 121 50
121 122 49
121 151 2
151 152 24
151 181 58
181 182 90
181 211 85
211 212 19
211 241 94
241 242 70
241 271 20
271 272 46
271 301 13
301 302 9
301 331 43
331 332 92
331 361 38
361 362 58
361 391 59
391 392 92
391 421 30
421 422 88
421 451 14
451 452 34
451 481 79
481 482 42
481 511 32
511 512 52
511 541 62
541 542 85
541 571 37
571 572 69
571 601 21
601 602 65
601 631 12
631 632 18
631 661 24
661 662 0
661 691 12
691 692 13
691 721 66
721 722 87
721 751 13
751 752 70
751 781 63
781 782 66
781 811 2
811 812 29
811 841 36
841 842 21
841 871 30
871 872 47
2 3 86
2 32 98
32 33 43
32 62 38
62 63 49
62 92 89
92 93 84
92 122 57
122 123 96
122 152 47
152 153 50
152 182 21
182 183 21
182 212 50
212 213 48
212 242 78
242 243 49
242 272 54
272 273 55
272 302 1
302 303 27
302 332 82
332 333 16
332 362 43
362 363 76
362 392 7
392 393 22
392 422 94
422 423 77
422 452 74
452 453 32
452 482 69
482 483 28
482 512 46
512 513 20
512 542 91
542 543 65
542 572 40
572 573 88
572 602 82
602 603 36
602 632 18
632 633 82
632 662 46
662 663 76
662 692 34
692 693 20
692 722 28
722 723 61
722 752 6
752 753 82
752 782 75
782 783 23
782 812 42
812 813 87
812 842 46
842 843 91
842 872 63
872 873 54
3 4 53
3 33 17
33 34 62
33 63 46
63 64 94
63 93 36
93 94 57
93 123 61
123 124 76
123 153 29
153 154 75
153 183 54
183 184 51
183 213 23
213 214 15
213 243 25
243 244 73
243 273 70
273 274 44
273 303 39
303 304 32
303 333 49
333 334 64
333 363 81
363 364 16
363 393 60
393 394 9
393 423 40
423 424 77
423 453 2
453 454 63
453 483 90
483 484 48
483 513 20
513 514 36
513 543 82
543 544 55
543 573 55
573 574 46
573 603 80
603 604 70
603 633 52
633 634 33
633 663 62
663 664 30
663 693 99
693 694 66
693 723 14
723 724 17
723 753 38
753 754 94
753 783 13
783 784 86
783 813 59
813 814 34
813 843 66
843 844 25
843 873 42
873 874 68
4 5 92
4 34 0
34 35 53
34 64 56
64 65 27
64 94 36
94 95 69
94 124 78
124 125 91
124 154 16
154 155 58
154 184 97
184 185 46
184 214 50
214 215 91
214 244 45
244 245 69
244 274 13
274 275 86
274 304 19
304 305 69
304 334 8
334 335 4
334 364 10
364 365 14
364 394 21
394 395 40
394 424 86
424 425 69
424 454 15
454 455 70
454 484 49
484 485 69
484 514 59
514 515 51
514 544 68
544 545 42
544 574 63
574 575 12
574 604 53
604 605 81
604 634 93
634 635 7
634 664 73
664 665 54
664 694 10
694 695 29
694 724 92
724 725 24
724 754 74
754 755 70
754 784 93
784 785 29
784 814 2
814 815 43
814 844 57
844 845 35
844 874 57
874 875 59
5 6 65
5 35 94
35 36 40
35 65 98
65 66 88
65 95 37
95 96 46
95 125 45
125 126 30
125 155 17
155 156 26
155 185 94
185 186 90
185 215 60
215 216 15
215 245 85
245 246 47
245 275 68
275 276 81
275 305 62
305 306 77
305 335 3
335 336 69
335 365 19
365 366 36
365 395 82
395 396 32
395 425 98
425 426 30
425 455 77
455 456 8
455 485 76
485 486 69
485 515 80
515 516 79
515 545 28
545 546 54
545 575 85
575 576 83
575 605 54
605 606 60
605 635 73
635 636 1
635 665 57
665 666 26
665 695 87
695 696 42
695 725 17
725 726 45
725 755 22
755 756 96
755 785 21
785 786 43
785 815 78
815 816 33
815 845 28
845 846 63
845 875 70
875 876 92
6 7 70
6 36 10
36 37 74
36 66 58
66 67 22
66 96 51
96 97 70
96 126 70
126 127 96
126 156 51
156 157 86
156 186 47
186 187 27
186 216 10
216 217 22
216 246 80
246 247 12
246 276 62
276 277 79
276 306 4
306 307 32
306 336 34
336 337 36
336 366 64
366 367 10
366 396 40
396 397 0
396 426 49
426 427 63
426 456 47
456 457 50
456 486 50
486 487 16
486 516 67
516 517 78
516 546 7
546 547 62
546 576 72
576 577 42
576 606 65
606 607 78
606 636 96
636 637 12
636 666 86
666 667 80
666 696 33
696 697 1
696 726 90
726 727 19
726 756 75
756 757 82
756 786 9
786 787 18
786 816 81
816 817 95
816 846 19
846 847 86
846 876 92
876 877 78
7 8 57
7 37 92
37 38 64
37 67 15
67 68 11
67 97 85
97 98 50
97 127 8
127 128 38
127 157 20
157 158 36
157 187 16
187 188 38
187 217 67
217 218 46
217 247 83
247 248 45
247 277 92
277 278 89
277 307 31
307 308 95
307 337 90
337 338 51
337 367 31
367 368 18
367 397 42
397 398 2
397 427 12
427 428 35
427 457 74
457 458 57
457 487 76
487 488 21
487 517 82
517 518 33
517 547 89
547 548 13
547 577 90
577 578 32
577 607 52
607 608 27
607 637 85
637 638 69
637 667 99
667 668 56
667 697 63
697 698 98
697 727 97
727 728 60
727 757 28
757 758 59
757 787 70
787 788 76
787 817 16
817 818 13
817 847 83
847 848 3
847 877 41
877 878 5
8 9 24
8 38 15
38 39 47
38 68 46
68 69 47
68 98 15
98 99 75
98 128 94
128 129 81
128 158 31
158 159 83
158 188 24
188 189 87
188 218 60
218 219 79
218 248 78
248 249 92
248 278 57
278 279 23
278 308 47
308 309 7
308 338 2
338 339 69
338 368 67
368 369 49
368 398 98
398 399 80
398 428 17
428 429 11
428 458 63
458 459 3
458 488 3
488 489 29
488 518 96
518 519 58
518 548 45
548 549 66
548 578 89
578 579 60
578 608 36
608 609 14
608 638 62
638 639 53
638 668 58
668 669 60
668 698 77
698 699 61
698 728 48
728 729 12
728 758 57
758 759 44
758 788 88
788 789 37
788 818 60
818 819 63
818 848 18
848 849 48
848 878 25
878 879 18
9 10 12
9 39 17
39 40 30
39 69 9
69 70 65
69 99 34
99 100 39
99 129 6
129 130 81
129 159 71
159 160 32
159 189 68
189 190 32
189 219 58
219 220 53
219 249 97
249 250 46
249 279 65
279 280 79
279 309 1
309 310 50
309 339 31
339 340 7
339 369 95
369 370 7
369 399 23
399 400 78
399 429 72
429 430 73
429 459 98
459 460 34
459 489 15
489 490 38
489 519 54
519 520 57
519 549 54
549 550 50
549 579 56
579 580 68
579 609 0
609 610 9
609 639 46
639 640 7
639 669 94
669 670 57
669 699 82
699 700 50
699 729 38
729 730 62
729 759 79
759 760 1
759 789 90
789 790 41
789 819 33
819 820 71
819 849 71
849 850 96
849 879 35
879 880 3
10 11 30
10 40 44
40 41 4
40 70 20
70 71 11
70 100 29
100 101 46
100 130 56
130 131 28
130 160 0
160 161 71
160 190 36
190 191 41
190 220 57
220 221 59
220 250 13
250 251 46
250 280 21
280 281 65
280 310 97
310 311 27
310 340 55
340 341 59
340 370 19
370 371 80
370 400 30
400 401 69
400 430 17
430 431 81
430 460 28
460 461 20
460 490 33
490 491 29
490 520 33
520 521 8
520 550 49
550 551 95
550 580 31
580 581 65
580 610 80
610 611 21
610 640 8
640 641 78
640 670 54
670 671 50
670 700 72
700 701 74
700 730 76
730 731 52
730 760 35
760 761 94
760 790 46
790 791 2
790 820 3
820 821 30
820 850 78
850 851 30
850 880 46
880 881 46
11 12 66
11 41 57
41 42 34
41 71 22
71 72 90
71 101 22
101 102 1
101 131 30
131 132 14
131 161 99
161 162 29
161 191 65
191 192 97
191 221 60
221 222 59
221 251 61
251 252 33
251 281 69
281 282 1
281 311 99
311 312 23
311 341 46
341 342 56
341 371 35
371 372 32
371 401 85
401 402 99
401 431 24
431 432 5
431 461 36
461 462 15
461 491 61
491 492 60
491 521 86
521 522 13
521 551 38
551 552 84
551 581 39
581 582 80
581 611 60
611 612 72
611 641 38
641 642 93
641 671 35
671 672 32
671 701 71
701 702 97
701 731 39
731 732 76
731 761 49
761 762 1
761 791 7
791 792 92
791 821 22
821 822 5
821 851 54
851 852 4
851 881 74
881 882 58
12 13 65
12 42 39
42 43 2
42 72 31
72 73 72
72 102 20
102 103 23
102 132 28
132 133 70
132 162 5
162 163 22
162 192 17
192 193 83
192 222 70
222 223 17
222 252 78
252 253 96
252 282 79
282 283 97
282 312 91
312 313 63
312 342 34
342 343 5
342 372 85
372 373 22
372 402 67
402 403 66
402 432 84
432 433 3
432 462 1
462 463 21
462 492 97
492 493 44
492 522 5
522 523 8
522 552 21
552 553 1
552 582 24
582 583 95
582 612 81
612 613 93
612 642 24
642 643 18
642 672 93
672 673 69
672 702 57
702 703 91
702 732 57
732 733 99
732 762 17
762 763 40
762 792 15
792 793 43
792 822 81
822 823 84
822 852 97
852 853 84
852 882 23
882 883 53
13 14 4
13 43 48
43 44 53
43 73 0
73 74 90
73 103 0
103 104 39
103 133 40
133 134 45
133 163 78
163 164 51
163 193 39
193 194 33
193 223 89
223 224 27
223 253 12
253 254 71
253 283 98
283 284 43
283 313 93
313 314 86
313 343 87
343 344 16
343 373 29
373 374 29
373 403 36
403 404 40
403 433 37
433 434 21
433 463 21
463 464 24
463 493 41
493 494 20
493 523 53
523 524 12
523 553 28
553 554 11
553 583 91
583 584 63
583 613 11
613 614 95
613 643 51
643 644 27
643 673 97
673 674 41
673 703 92
703 704 42
703 733 70
733 734 49
733 763 19
763 764 78
763 793 24
793 794 86
793 823 84
823 824 86
823 853 10
853 854 94
853 883 80
883 884 66
14 15 0
14 44 16
44 45 2
44 74 41
74 75 84
74 104 18
104 105 89
104 134 47
134 135 50
134 164 80
164 165 96
164 194 96
194 195 39
194 224 36
224 225 47
224 254 88
254 255 5
254 284 73
284 285 94
284 314 27
314 315 52
314 344 87
344 345 51
344 374 81
374 375 12
374 404 39
404 405 29
404 434 17
434 435 9
434 464 68
464 465 17
464 494 61
494 495 21
494 524 97
524 525 53
524 554 60
554 555 16
554 584 5
584 585 36
584 614 13
614 615 62
614 644 79
644 645 6
644 674 3
674 675 23
674 704 4
704 705 79
704 734 28
734 735 7
734 764 23
764 765 5
764 794 11
794 795 13
794 824 90
824 825 42
824 854 98
854 855 38
854 884 60
884 885 45
15 16 13
15 45 86
45 46 13
45 75 93
75 76 28
75 105 64
105 106 45
105 135 58
135 136 39
135 165 74
165 166 35
165 195 4
195 196 40
195 225 9
225 226 86
225 255 52
255 256 98
255 285 74
285 286 59
285 315 86
315 316 43
315 345 72
345 346 14
345 375 26
375 376 81
375 405 62
405 406 39
405 435 72
435 436 26
435 465 26
465 466 69
465 495 59
495 496 56
495 525 10
525 526 7
525 555 57
555 556 93
555 585 2
585 586 50
585 615 25
615 616 44
615 645 40
645 646 73
645 675 93
675 676 4
675 705 55
705 706 73
705 735 5
735 736 66
735 765 56
765 766 16
765 795 3
795 796 58
795 825 16
825 826 10
825 855 89
855 856 8
855 885 40
885 886 92
16 17 58
16 46 80
46 47 60
46 76 92
76 77 9
76 106 95
106 107 95
106 136 13
136 137 75
136 166 99
166 167 0
166 196 83
196 197 36
196 226 85
226 227 2
226 256 97
256 257 69
256 286 56
286 287 3
286 316 30
316 317 56
316 346 71
346 347 54
346 376 27
376 377 77
376 406 93
406 407 65
406 436 97
436 437 14
436 466 36
466 467 82
466 496 12
496 497 24
496 526 64
526 527 28
526 556 37
556 557 18
556 586 52
586 587 64
586 616 86
616 617 69
616 646 40
646 647 17
646 676 99
676 677 83
676 706 13
706 707 58
706 736 95
736 737 50
736 766 9
766 767 49
766 796 61
796 797 81
796 826 5
826 827 41
826 856 1
856 857 12
856 886 38
886 887 83
17 18 87
17 47 16
47 48 30
47 77 74
77 78 88
77 107 30
107 108 46
107 137 18
137 138 54
137 167 5
167 168 24
167 197 53
197 198 77
197 227 86
227 228 70
227 257 60
257 258 5
257 287 56
287 288 22
287 317 88
317 318 58
317 347 82
347 348 52
347 377 27
377 378 88
377 407 33
407 408 51
407 437 7
437 438 15
437 467 63
467 468 13
467 497 19
497 498 67
497 527 99
527 528 57
527 557 92
557 558 45
557 587 99
587 588 54
587 617 97
617 618 7
617 647 37
647 648 46
647 677 63
677 678 43
677 707 73
707 708 77
707 737 61
737 738 19
737 767 4
767 768 50
767 797 80
797 798 40
797 827 9
827 828 76
827 857 25
857 858 41
857 887 62
887 888 22
18 19 45
18 48 66
48 49 2
48 78 56
78 79 53
78 108 18
108 109 3
108 138 21
138 139 11
138 168 50
168 169 54
168 198 86
198 199 93
198 228 53
228 229 43
228 258 28
258 259 33
258 288 71
288 289 63
288 318 7
318 319 22
318 348 24
348 349 83
348 378 14
378 379 0
378 408 50
408 409 94
408 438 94
438 439 50
438 468 53
468 469 60
468 498 88
498 499 93
498 528 91
528 529 38
528 558 18
558 559 97
558 588 87
588 589 40
588 618 17
618 619 83
618 648 62
648 649 42
648 678 29
678 679 69
678 708 63
708 709 89
708 738 76
738 739 78
738 768 75
768 769 93
768 798 58
798 799 95
798 828 25
828 829 52
828 858 40
858 859 41
858 888 40
888 889 13
19 20 54
19 49 79
49 50 62
49 79 32
79 80 28
79 109 22
109 110 6
109 139 73
139 140 40
139 169 59
169 170 4
169 199 6
199 200 15
199 229 44
229 230 48
229 259 16
259 260 8
259 289 70
289 290 69
289 319 44
319 320 11
319 349 8
349 350 9
349 379 79
379 380 20
379 409 16
409 410 85
409 439 70
439 440 54
439 469 51
469 470 76
469 499 38
499 500 5
499 529 18
529 530 71
529 559 95
559 560 45
559 589 5
589 590 47
589 619 77
619 620 4
619 649 57
649 650 68
649 679 10
679 680 19
679 709 75
709 710 37
709 739 10
739 740 70
739 769 60
769 770 24
769 799 10
799 800 86
799 829 21
829 830 5
829 859 86
859 860 4
859 889 11
889 890 69
20 21 84
20 50 88
50 51 94
50 80 14
80 81 20
80 110 47
110 111 50
110 140 38
140 141 34
140 170 7
170 171 83
170 200 89
200 201 44
200 230 70
230 231 34
230 260 91
260 261 45
260 290 77
290 291 27
290 320 4
320 321 9
320 350 56
350 351 55
350 380 14
380 381 76
380 410 4
410 411 9
410 440 29
440 441 6
440 470 24
470 471 19
470 500 22
500 501 71
500 530 62
530 531 18
530 560 47
560 561 27
560 590 92
590 591 2
590 620 0
620 621 94
620 650 4
650 651 36
650 680 18
680 681 90
680 710 80
710 711 95
710 740 46
740 741 55
740 770 72
770 771 14
770 800 42
800 801 86
800 830 79
830 831 46
830 860 94
860 861 18
860 890 36
890 891 81
21 22 89
21 51 8
51 52 56
51 81 66
81 82 64
81 111 23
111 112 13
111 141 3
141 142 91
141 171 31
171 172 17
171 201 30
201 202 56
201 231 32
231 232 7
231 261 10
261 262 28
261 291 49
291 292 87
291 321 22
321 322 56
321 351 94
351 352 51
351 381 55
381 382 39
381 411 13
411 412 10
411 441 60
441 442 97
441 471 66
471 472 62
471 501 42
501 502 75
501 531 41
531 532 38
531 561 3
561 562 57
561 591 74
591 592 13
591 621 37
621 622 79
621 651 25
651 652 6
651 681 86
681 682 33
681 711 90
711 712 90
711 741 52
741 742 39
741 771 93
771 772 75
771 801 66
801 802 25
801 831 76
831 832 43
831 861 99
861 862 51
861 891 57
891 892 16
22 23 81
22 52 53
52 53 18
52 82 84
82 83 62
82 112 2
112 113 63
112 142 73
142 143 63
142 172 11
172 173 31
172 202 92
202 203 34
202 232 82
232 233 97
232 262 89
262 263 42
262 292 23
292 293 74
292 322 0
322 323 7
322 352 49
352 353 79
352 382 85
382 383 8
382 412 5
412 413 23
412 442 75
442 443 44
442 472 80
472 473 41
472 502 82
502 503 84
502 532 79
532 533 83
532 562 99
562 563 4
562 592 9
592 593 65
592 622 38
622 623 31
622 652 92
652 653 2
652 682 32
682 683 3
682 712 68
712 713 77
712 742 14
742 743 79
742 772 48
772 773 83
772 802 96
802 803 37
802 832 22
832 833 4
832 862 12
862 863 22
862 892 66
892 893 43
23 24 36
23 53 75
53 54 90
53 83 60
83 84 26
83 113 45
113 114 89
113 143 84
143 144 87
143 173 12
173 174 6
173 203 51
203 204 48
203 233 30
233 234 86
233 263 15
263 264 91
263 293 1
293 294 23
293 323 69
323 324 95
323 353 85
353 354 63
353 383 66
383 384 72
383 413 26
413 414 61
413 443 95
443 444 12
443 473 3
473 474 42
473 503 5
503 504 92
503 533 37
533 534 82
533 563 56
563 564 47
563 593 71
593 594 38
593 623 80
623 624 19
623 653 82
653 654 6
653 683 6
683 684 67
683 713 92
713 714 73
713 743 64
743 744 34
743 773 12
773 774 2
773 803 60
803 804 10
803 833 44
833 834 83
833 863 95
863 864 66
863 893 11
893 894 75
24 25 98
24 54 43
54 55 75
54 84 50
84 85 58
84 114 29
114 115 18
114 144 81
144 145 20
144 174 28
174 175 90
174 204 94
204 205 16
204 234 65
234 235 62
234 264 59
264 265 82
264 294 72
294 295 58
294 324 31
324 325 51
324 354 61
354 355 63
354 384 10
384 385 72
384 414 16
414 415 77
414 444 47
444 445 62
444 474 32
474 475 22
474 504 14
504 505 23
504 534 19
534 535 1
534 564 78
564 565 69
564 594 50
594 595 94
594 624 41
624 625 15
624 654 46
654 655 5
654 684 6
684 685 50
684 714 26
714 715 75
714 744 20
744 745 60
744 774 21
774 775 26
774 804 98
804 805 45
804 834 94
834 835 39
834 864 51
864 865 47
864 894 56
894 895 91
25 26 68
25 55 62
55 56 7
55 85 72
85 86 20
85 115 60
115 116 1
115 145 13
145 146 2
145 175 47
175 176 2
175 205 44
205 206 1
205 235 48
235 236 44
235 265 76
265 266 41
265 295 5
295 296 70
295 325 22
325 326 24
325 355 15
355 356 99
355 385 56
385 386 70
385 415 74
415 416 39
415 445 20
445 446 40
445 475 34
475 476 16
475 505 29
505 506 78
505 535 2
535 536 66
535 565 7
565 566 20
565 595 28
595 596 79
595 625 50
625 626 82
625 655 61
655 656 20
655 685 93
685 686 31
685 715 0
715 716 41
715 745 96
745 746 60
745 775 56
775 776 81
775 805 60
805 806 78
805 835 42
835 836 32
835 865 78
865 866 10
865 895 11
895 896 29
26 27 66
26 56 10
56 57 31
56 86 32
86 87 57
86 116 33
116 117 96
116 146 75
146 147 3
146 176 5
176 177 37
176 206 75
206 207 35
206 236 44
236 237 91
236 266 73
266 267 60
266 296 52
296 297 29
296 326 30
326 327 13
326 356 51
356 357 67
356 386 3
386 387 15
386 416 67
416 417 92
416 446 28
446 447 82
446 476 18
476 477 66
476 506 36
506 507 40
506 536 27
536 537 6
536 566 7
566 567 11
566 596 86
596 597 55
596 626 99
626 627 71
626 656 39
656 657 41
656 686 67
686 687 1
686 716 3
716 717 88
716 746 11
746 747 9
746 776 22
776 777 20
776 806 16
806 807 7
806 836 89
836 837 2
836 866 5
866 867 27
866 896 46
896 897 90
27 28 13
27 57 66
57 58 67
57 87 26
87 88 78
87 117 89
117 118 48
117 147 53
147 148 77
147 177 77
177 178 66
177 207 21
207 208 52
207 237 1
237 238 42
237 267 50
267 268 90
267 297 34
297 298 1
297 327 53
327 328 24
327 357 30
357 358 42
357 387 11
387 388 28
387 417 61
417 418 2
417 447 16
447 448 65
447 477 92
477 478 88
477 507 62
507 508 77
507 537 60
537 538 6
537 567 55
567 568 57
567 597 0
597 598 6
597 627 62
627 628 83
627 657 67
657 658 4
657 687 75
687 688 12
687 717 80
717 718 73
717 747 82
747 748 21
747 777 34
777 778 90
777 807 65
807 808 10
807 837 49
837 838 85
837 867 89
867 868 30
867 897 57
897 898 70
28 29 63
28 58 46
58 59 37
58 88 95
88 89 19
88 118 13
118 119 40
118 148 60
148 149 0
148 178 17
178 179 38
178 208 82
208 209 61
208 238 49
238 239 27
238 268 20
268 269 19
268 298 66
298 299 5
298 328 5
328 329 25
328 358 41
358 359 92
358 388 1
388 389 49
388 418 52
418 419 73
418 448 42
448 449 75
448 478 33
478 479 77
478 508 80
508 509 53
508 538 70
538 539 84
538 568 83
568 569 80
568 598 49
598 599 13
598 628 87
628 629 91
628 658 51
658 659 37
658 688 40
688 689 30
688 718 33
718 719 50
718 748 8
748 749 79
748 778 95
778 779 24
778 808 56
808 809 74
808 838 63
838 839 16
838 868 35
868 869 68
868 898 16
898 899 84
29 30 69
29 59 28
59 60 43
59 89 61
89 90 68
89 119 27
119 120 53
119 149 25
149 150 28
149 179 39
179 180 16
179 209 37
209 210 61
209 239 81
239 240 62
239 269 51
269 270 1
269 299 11
299 300 71
299 329 60
329 330 30
329 359 78
359 360 94
359 389 23
389 390 18
389 419 31
419 420 10
419 449 27
449 450 90
449 479 4
479 480 63
479 509 80
509 510 60
509 539 96
539 540 37
539 569 6
569 570 70
569 599 36
599 600 61
599 629 82
629 630 92
629 659 43
659 660 96
659 689 83
689 690 6
689 719 78
719 720 15
719 749 23
749 750 28
749 779 84
779 780 78
779 809 57
809 810 92
809 839 67
839 840 65
839 869 41
869 870 71
869 899 55
899 900 65
30 60 65
60 90 84
90 120 31
120 150 89
150 180 6
180 210 39
210 240 90
240 270 85
270 300 2
300 330 86
330 360 37
360 390 65
390 420 70
420 450 79
450 480 91
480 510 43
510 540 12
540 570 65
570 600 18
600 630 82
630 660 74
660 690 2
690 720 1
720 750 72
750 780 2
780 810 84
810 840 48
840 870 54
870 900 57
1
1 900
