100 500
93 78 2
77 45 28
28 65 72
80 86 13
36 70 93
75 42 62
75 21 51
22 61 75
36 44 35
26 93 81
39 35 24
46 65 81
95 97 42
17 88 81
3 25 74
87 78 50
4 5 51
93 20 8
99 57 58
88 72 71
76 9 58
36 47 97
94 48 76
18 70 91
13 39 30
81 92 57
32 88 47
16 22 78
27 34 27
76 90 96
28 16 86
88 64 66
66 74 21
53 1 3
55 74 42
98 92 25
98 12 68
23 71 10
31 49 28
16 17 28
78 80 15
71 60 3
5 28 6
23 99 59
50 63 71
28 31 1
62 81 16
37 21 17
13 45 73
10 90 37
61 93 99
68 91 93
42 36 2
43 94 11
25 95 56
5 69 85
8 34 59
37 75 49
1 52 87
77 96 7
3 63 88
84 46 56
60 61 17
72 17 15
46 79 57
23 52 27
88 17 33
13 67 61
4 35 75
78 46 97
84 74 43
78 14 74
92 67 70
29 46 12
83 69 93
84 65 89
64 64 23
16 35 72
58 92 24
74 15 40
98 66 88
21 48 15
50 28 7
92 70 66
12 100 42
100 13 65
78 19 18
41 32 33
35 31 10
79 99 62
24 35 97
33 88 3
78 6 51
22 29 92
21 40 92
75 24 28
7 69 2
28 48 10
72 51 6
91 94 30
22 68 89
86 44 91
38 97 33
87 38 4
57 15 6
60 19 55
26 31 5
40 48 96
85 98 35
91 31 3
85 34 21
49 48 10
4 49 2
80 97 41
90 41 14
22 57 57
15 3 78
64 22 21
36 78 95
27 90 81
15 26 97
97 29 80
87 2 28
53 60 48
19 83 9
14 38 62
68 18 91
80 45 49
23 80 20
89 77 78
2 14 57
6 27 55
6 94 78
16 49 97
1 56 63
26 43 56
82 50 77
80 99 70
91 59 71
9 11 80
79 64 71
5 52 87
100 8 87
4 9 35
72 39 47
85 87 41
68 71 83
17 61 91
91 15 96
38 56 47
21 17 80
80 28 86
7 80 43
56 12 80
23 31 26
6 75 12
85 26 85
27 54 41
57 46 81
16 25 74
60 27 38
8 4 34
65 45 18
37 50 41
32 57 73
59 24 32
17 99 21
17 86 44
6 53 53
90 89 55
83 28 97
5 29 75
13 72 96
100 68 96
62 31 11
81 58 35
59 46 39
80 65 36
33 22 80
52 94 27
49 79 80
21 1 67
83 64 12
37 75 29
33 44 17
62 85 92
78 1 32
73 43 43
2 98 12
16 84 4
21 63 69
63 94 69
19 79 38
43 65 92
48 5 94
65 64 71
12 91 21
38 84 35
44 49 52
82 91 91
53 28 65
16 43 43
14 100 20
97 33 18
93 33 79
73 69 77
97 7 65
49 38 45
37 23 62
38 36 94
97 14 57
81 83 59
78 54 81
4 43 51
4 4 35
96 6 25
62 64 59
95 83 33
78 7 89
92 31 5
72 3 31
8 94 30
3 45 49
53 18 29
22 99 93
13 83 81
36 44 99
39 92 63
36 8 4
22 67 37
76 64 84
62 94 65
73 6 40
17 20 52
33 70 20
35 88 17
87 56 94
52 55 94
89 30 12
64 51 19
42 72 42
10 24 25
32 75 30
59 41 4
97 48 95
98 58 24
54 50 99
18 83 29
35 88 41
5 58 48
68 65 80
26 86 90
54 68 93
97 93 91
5 88 62
69 87 63
37 72 49
31 48 62
24 30 27
63 92 44
25 33 32
99 84 32
36 37 57
26 16 81
7 50 59
96 2 46
82 20 83
27 93 78
87 16 98
74 55 51
21 1 84
39 65 42
6 72 11
5 90 1
63 65 91
55 58 29
30 82 19
26 85 33
30 18 81
36 60 20
91 19 32
90 30 2
63 60 50
73 9 68
59 17 9
85 30 31
31 80 94
11 42 40
28 39 45
18 12 20
37 79 58
49 71 44
84 16 21
21 8 78
68 73 48
29 81 92
12 7 33
56 94 75
56 63 36
78 10 69
48 90 33
50 5 22
71 27 67
70 29 43
73 37 42
40 43 18
7 97 70
4 48 19
19 88 74
88 91 45
23 98 76
86 25 12
26 64 46
88 12 7
93 93 7
93 93 86
48 89 69
80 55 43
35 71 79
48 21 53
31 13 41
86 77 6
81 9 67
18 22 74
65 78 83
55 68 55
100 54 49
45 27 9
48 100 5
98 24 3
39 70 66
48 63 61
46 90 62
14 22 56
43 47 98
43 95 85
93 11 98
77 97 61
17 79 61
17 27 90
30 29 59
31 10 7
88 33 45
72 2 70
99 90 48
75 7 6
62 53 32
39 15 2
38 72 46
84 91 79
83 25 6
16 86 81
44 44 77
97 92 4
71 12 91
4 21 46
18 12 35
36 63 70
35 9 10
80 30 32
38 74 76
55 29 47
63 51 28
24 13 55
20 33 24
77 85 17
23 30 65
35 37 41
36 32 26
94 44 29
70 54 51
25 95 94
46 6 55
36 12 20
40 94 13
11 4 78
98 44 39
17 77 16
88 98 58
27 85 68
87 80 3
68 17 69
19 50 52
61 61 86
42 35 85
87 91 30
58 75 32
11 27 90
1 76 87
28 54 42
95 87 25
49 9 91
44 20 17
55 58 1
16 14 5
47 100 95
38 69 56
6 77 2
74 28 95
57 63 39
53 64 31
56 65 80
87 37 85
57 24 60
4 45 13
3 87 68
52 81 61
39 76 65
77 83 11
83 11 41
64 24 24
22 98 56
54 99 93
92 67 31
49 97 63
92 52 32
55 8 45
94 78 52
95 35 88
21 34 43
6 99 88
37 61 5
58 94 94
47 10 42
32 98 68
21 7 49
92 60 55
34 19 72
35 26 51
74 71 19
59 14 38
58 53 84
38 73 50
97 77 73
14 67 86
76 5 32
100 5 82
62 90 56
85 82 92
29 23 53
67 18 9
23 87 15
58 97 4
42 39 70
76 57 69
45 99 31
31 88 26
58 13 28
10 2 3
12 55 40
34 57 75
18 59 9
4 13 43
45 51 49
39 67 29
59 34 88
92 77 68
30 36 54
27 94 25
47 5 98
57 46 48
66 45 3
54 41 1
45 36 49
53 20 44
19 63 66
14 27 26
53 13 23
32 47 16
58 37 77
6 46 34
78 35 90
52 61 43
34 6 92
52 33 73
100 63 44
5 45 36
54 44 100
15 5 5
53 89 48
66 15 7
20 67 66
16 4 100
46 1 97
7 28 94
9 29 70
9 56 41
55 1 77
10 27 93
9 41 62
32 63 99
92 98 100
100 30 76
32 21 92
68 53 11
22 28 16
89 64 46
18 43 80
66 93 30
88 68 57
2
31 46
2 99
